Date,DOW,Rank,Daily,%± YD,%± LW,Theaters,Avg,To Date,Day,Estimated
Feb 17,Friday,1,"$46,431,851",-,-,"4,345","$10,686","$46,431,851",1,false
Feb 18,Saturday,1,"$33,903,657",-27%,-,"4,345","$7,802","$80,335,508",2,false
Feb 19,Sunday,1,"$25,774,142",-24%,-,"4,345","$5,931","$106,109,650",3,false
Feb 20Presidents' Day,Monday,1,"$14,284,967",-44.6%,-,"4,345","$3,287","$120,394,617",4,false
Feb 21,Tuesday,1,"$7,078,521",-50.4%,-,"4,345","$1,629","$127,473,138",5,false
Feb 22,Wednesday,1,"$3,859,533",-45.5%,-,"4,345",$888,"$131,332,671",6,false
Feb 23,Thursday,1,"$3,781,913",-2%,-,"4,345",$870,"$135,114,584",7,false
Feb 24,Friday,2,"$8,329,121",+120.2%,-82.1%,"4,345","$1,916","$143,443,705",8,false
Feb 25,Saturday,1,"$14,629,621",+75.6%,-56.8%,"4,345","$3,367","$158,073,326",9,false
Feb 26,Sunday,1,"$9,006,061",-38.4%,-65.1%,"4,345","$2,072","$167,079,387",10,false
Feb 27,Monday,1,"$1,721,699",-80.9%,-87.9%,"4,345",$396,"$168,801,086",11,false
Feb 28,Tuesday,1,"$2,536,327",+47.3%,-64.2%,"4,345",$583,"$171,337,413",12,false
Mar 1,Wednesday,2,"$1,530,357",-39.7%,-60.3%,"4,345",$352,"$172,867,770",13,false
Mar 2,Thursday,2,"$1,460,059",-4.6%,-61.4%,"4,345",$336,"$174,327,829",14,false
Mar 3,Friday,3,"$3,166,691",+116.9%,-62%,"3,825",$827,"$177,494,520",15,false
Mar 4,Saturday,2,"$5,945,443",+87.7%,-59.4%,"3,825","$1,554","$183,439,963",16,false
Mar 5,Sunday,2,"$3,697,908",-37.8%,-58.9%,"3,825",$966,"$187,137,871",17,false
Mar 6,Monday,3,"$908,642",-75.4%,-47.2%,"3,825",$237,"$188,046,513",18,false
Mar 7,Tuesday,4,"$1,288,698",+41.8%,-49.2%,"3,825",$336,"$189,335,211",19,false
Mar 8,Wednesday,4,"$870,702",-32.4%,-43.1%,"3,825",$227,"$190,205,913",20,false
Mar 9,Thursday,4,"$772,515",-11.3%,-47.1%,"3,825",$201,"$190,978,428",21,false
Mar 10,Friday,6,"$1,738,602",+125.1%,-45.1%,"3,105",$559,"$192,717,030",22,false
Mar 11,Saturday,4,"$3,237,625",+86.2%,-45.5%,"3,105","$1,042","$195,954,655",23,false
Mar 12,Sunday,4,"$2,157,739",-33.4%,-41.6%,"3,105",$694,"$198,112,394",24,false
Mar 13,Monday,5,"$853,074",-60.5%,-6.1%,"3,105",$274,"$198,965,468",25,false
Mar 14,Tuesday,4,"$1,137,262",+33.3%,-11.8%,"3,105",$366,"$200,102,730",26,false
Mar 15,Wednesday,4,"$890,119",-21.7%,+2.2%,"3,105",$286,"$200,992,849",27,false
Mar 16,Thursday,4,"$769,501",-13.6%,-0.4%,"3,105",$247,"$201,762,350",28,false
Mar 17,Friday,5,"$1,180,785",+53.4%,-32.1%,"2,650",$445,"$202,943,135",29,false
Mar 18,Saturday,5,"$1,843,602",+56.1%,-43.1%,"2,650",$695,"$204,786,737",30,false
Mar 19,Sunday,5,"$1,193,322",-35.3%,-44.7%,"2,650",$450,"$205,980,059",31,false
Mar 20,Monday,6,"$346,421",-71%,-59.4%,"2,650",$130,"$206,326,480",32,false
Mar 21,Tuesday,8,"$451,275",+30.3%,-60.3%,"2,650",$170,"$206,777,755",33,false
Mar 22,Wednesday,7,"$352,391",-21.9%,-60.4%,"2,650",$132,"$207,130,146",34,false
Mar 23,Thursday,5,"$312,746",-11.3%,-59.4%,"2,650",$118,"$207,442,892",35,false
Mar 24,Friday,6,"$607,919",+94.4%,-48.5%,"1,915",$317,"$208,050,811",36,false
Mar 25,Saturday,6,"$1,112,750",+83%,-39.6%,"1,915",$581,"$209,163,561",37,false
Mar 26,Sunday,6,"$682,718",-38.6%,-42.8%,"1,915",$356,"$209,846,279",38,false
Mar 27,Monday,6,"$221,002",-67.6%,-36.2%,"1,915",$115,"$210,067,281",39,false
Mar 28,Tuesday,6,"$298,818",+35.2%,-33.8%,"1,915",$156,"$210,366,099",40,false
Mar 29,Wednesday,6,"$227,455",-23.9%,-35.5%,"1,915",$118,"$210,593,554",41,false
Mar 30,Thursday,6,"$200,193",-12%,-36%,"1,915",$104,"$210,793,747",42,false
Mar 31,Friday,9,"$333,860",+66.8%,-45.1%,"1,440",$231,"$211,127,607",43,false
Apr 1,Saturday,9,"$549,730",+64.7%,-50.6%,"1,440",$381,"$211,677,337",44,false
Apr 2,Sunday,10,"$348,602",-36.6%,-48.9%,"1,440",$242,"$212,025,939",45,false
Apr 3,Monday,10,"$135,453",-61.1%,-38.7%,"1,440",$94,"$212,161,392",46,false
Apr 4,Tuesday,10,"$180,920",+33.6%,-39.5%,"1,440",$125,"$212,342,312",47,false
Apr 5,Wednesday,13,"$45,041",-75.1%,-80.2%,"1,440",$31,"$212,387,353",48,false
Apr 6,Thursday,15,"$59,161",+31.3%,-70.4%,"1,440",$41,"$212,446,514",49,false
Apr 7,Friday,17,"$107,939",+82.4%,-67.7%,520,$207,"$212,554,453",50,false
Apr 8,Saturday,16,"$112,479",+4.2%,-79.5%,520,$216,"$212,666,932",51,false
Apr 9Easter Sunday,Sunday,16,"$70,983",-36.9%,-79.6%,520,$136,"$212,737,915",52,false
Apr 10,Monday,15,"$42,281",-40.4%,-68.8%,520,$81,"$212,780,196",53,false
Apr 11,Tuesday,15,"$32,223",-23.8%,-82.2%,520,$61,"$212,812,419",54,false
Apr 12,Wednesday,14,"$32,340",+0.4%,-28.2%,520,$62,"$212,844,759",55,false
Apr 13,Thursday,15,"$24,456",-24.4%,-58.7%,520,$47,"$212,869,215",56,false
Apr 14,Friday,27,"$11,007",-55%,-89.8%,75,$146,"$212,880,222",57,false
Apr 15,Saturday,26,"$19,777",+79.7%,-82.4%,75,$263,"$212,899,999",58,false
Apr 16,Sunday,24,"$13,581",-31.3%,-80.9%,75,$181,"$212,913,580",59,false
Apr 17,Monday,23,"$3,986",-70.7%,-90.6%,75,$53,"$212,917,566",60,false
Apr 18,Tuesday,23,"$5,007",+25.6%,-84.5%,75,$66,"$212,922,573",61,false
Apr 19,Wednesday,26,"$3,713",-25.8%,-88.5%,75,$49,"$212,926,286",62,false
Apr 20,Thursday,23,"$4,008",+7.9%,-83.6%,75,$53,"$212,930,294",63,false
Apr 21,Friday,27,"$5,861",+46.2%,-46.8%,40,$146,"$212,936,155",64,false
Apr 22,Saturday,29,"$8,052",+37.4%,-59.3%,40,$201,"$212,944,207",65,false
Apr 23,Sunday,29,"$5,533",-31.3%,-59.3%,40,$138,"$212,949,740",66,false
Apr 24,Monday,27,"$2,509",-54.7%,-37.1%,40,$62,"$212,952,249",67,false
Apr 25,Tuesday,28,"$2,788",+11.1%,-44.3%,40,$69,"$212,955,037",68,false
Apr 26,Wednesday,23,"$2,946",+5.7%,-20.7%,40,$73,"$212,957,983",69,false
Apr 27,Thursday,25,"$2,804",-4.8%,-30%,40,$70,"$212,960,787",70,false
Apr 28,Friday,31,"$3,195",+13.9%,-45.5%,40,$79,"$212,963,982",71,false
Apr 29,Saturday,31,"$5,304",+66%,-34.1%,40,$132,"$212,969,286",72,false
Apr 30,Sunday,30,"$3,145",-40.7%,-43.2%,40,$78,"$212,972,431",73,false
May 1,Monday,30,"$1,070",-66%,-57.4%,40,$26,"$212,973,501",74,false
May 2,Tuesday,31,"$1,326",+23.9%,-52.4%,40,$33,"$212,974,827",75,false
May 3,Wednesday,29,"$1,811",+36.6%,-38.5%,40,$45,"$212,976,638",76,false
May 4,Thursday,23,"$6,549",+261.6%,+133.6%,40,$163,"$212,983,187",77,false
May 5,Friday,11,"$279,043","+4,160.8%","+8,633.7%",185,"$1,508","$213,262,230",78,false
May 6,Saturday,11,"$425,647",+52.5%,"+7,925%",185,"$2,300","$213,687,877",79,false
May 7,Sunday,18,"$46,567",-89.1%,"+1,380.7%",185,$251,"$213,734,444",80,false
May 8,Monday,21,"$3,925",-91.6%,+266.8%,185,$21,"$213,738,369",81,false
May 9,Tuesday,21,"$9,438",+140.5%,+611.8%,185,$51,"$213,747,807",82,false
May 10,Wednesday,21,"$6,674",-29.3%,+268.5%,185,$36,"$213,754,481",83,false
May 11,Thursday,19,"$14,737",+120.8%,+125%,185,$79,"$213,769,218",84,false
May 12,Friday,15,"$147,403",+900.2%,-47.2%,135,"$1,091","$213,916,621",85,false
May 13,Saturday,12,"$239,512",+62.5%,-43.7%,135,"$1,774","$214,156,133",86,false
May 14,Sunday,21,"$38,876",-83.8%,-16.5%,135,$287,"$214,195,009",87,false
May 15,Monday,27,"$3,855",-90.1%,-1.8%,135,$28,"$214,198,864",88,false
May 16,Tuesday,29,"$3,375",-12.5%,-64.2%,135,$25,"$214,202,239",89,false
May 17,Wednesday,27,"$3,688",+9.3%,-44.7%,135,$27,"$214,205,927",90,false
May 18,Thursday,23,"$8,037",+117.9%,-45.5%,135,$59,"$214,213,964",91,false
May 19,Friday,15,"$68,468",+751.9%,-53.6%,85,$805,"$214,282,432",92,false
May 20,Saturday,15,"$78,715",+15%,-67.1%,85,$926,"$214,361,147",93,false
May 21,Sunday,21,"$27,604",-64.9%,-29%,85,$324,"$214,388,751",94,false
May 22,Monday,25,"$4,369",-84.2%,+13.3%,85,$51,"$214,393,120",95,false
May 23,Tuesday,29,"$3,969",-9.2%,+17.6%,85,$46,"$214,397,089",96,false
May 24,Wednesday,27,"$4,089",+3%,+10.9%,85,$48,"$214,401,178",97,false
May 25,Thursday,23,"$5,391",+31.8%,-32.9%,85,$63,"$214,406,569",98,false
May 26,Friday,19,"$15,287",+183.6%,-77.7%,30,$509,"$214,421,856",99,false
May 27,Saturday,20,"$19,166",+25.4%,-75.7%,30,$638,"$214,441,022",100,false
May 28,Sunday,21,"$13,646",-28.8%,-50.6%,30,$454,"$214,454,668",101,false
May 29Memorial Day,Monday,30,$957,-93%,-78.1%,30,$31,"$214,455,625",102,false
May 30,Tuesday,30,"$1,717",+79.4%,-56.7%,30,$57,"$214,457,342",103,false
May 31,Wednesday,30,"$1,107",-35.5%,-72.9%,30,$36,"$214,458,449",104,false
Jun 1,Thursday,30,$502,-54.7%,-90.7%,30,$16,"$214,458,951",105,false
Jun 2,Friday,22,"$11,022","+2,095.6%",-27.9%,25,$440,"$214,469,973",106,false
Jun 3,Saturday,22,"$14,976",+35.9%,-21.9%,25,$599,"$214,484,949",107,false
Jun 4,Sunday,25,"$3,232",-78.4%,-76.3%,25,$129,"$214,488,181",108,false
Jun 5,Monday,24,$822,-74.6%,-14.1%,25,$32,"$214,489,003",109,false
Jun 6,Tuesday,25,"$1,195",+45.4%,-30.4%,25,$47,"$214,490,198",110,false
Jun 7,Wednesday,26,$958,-19.8%,-13.5%,25,$38,"$214,491,156",111,false
Jun 8,Thursday,25,"$1,541",+60.9%,+207%,25,$61,"$214,492,697",112,false
Jun 9,Friday,24,"$4,054",+163.1%,-63.2%,20,$202,"$214,496,751",113,false
Jun 10,Saturday,24,"$5,799",+43%,-61.3%,20,$289,"$214,502,550",114,false
Jun 11,Sunday,27,$480,-91.7%,-85.1%,20,$24,"$214,503,030",115,false
Jun 12,Monday,24,$891,+85.6%,+8.4%,20,$44,"$214,503,921",116,false
Jun 13,Tuesday,27,$380,-57.4%,-68.2%,20,$19,"$214,504,301",117,false
Jun 14,Wednesday,26,$547,+43.9%,-42.9%,20,$27,"$214,504,848",118,false
Jun 15,Thursday,28,$61,-88.8%,-96%,20,$3,"$214,504,909",119,false
