Date,DOW,Rank,Daily,%± YD,%± LW,Theaters,Avg,To Date,Day,Estimated
May 1,Thursday,1,"$3,500,000",-,-,"2,500","$1,400","$3,500,000",-,true
May 2,Friday,1,"$35,234,361",-,-,"4,105","$8,583","$38,734,361",1,false
May 3,Saturday,1,"$37,350,099",+6%,-,"4,105","$9,098","$76,084,460",2,false
May 4,Sunday,1,"$26,034,208",-30.3%,-,"4,105","$6,342","$102,118,668",3,false
May 5,Monday,1,"$6,934,568",-73.4%,-,"4,105","$1,689","$109,053,236",4,false
May 6,Tuesday,1,"$6,505,784",-6.2%,-,"4,105","$1,584","$115,559,020",5,false
May 7,Wednesday,1,"$5,747,344",-11.7%,-,"4,105","$1,400","$121,306,364",6,false
May 8,Thursday,1,"$5,328,031",-7.3%,-,"4,105","$1,297","$126,634,395",7,false
May 9,Friday,1,"$14,873,192",+179.1%,-57.8%,"4,111","$3,617","$141,507,587",8,false
May 10,Saturday,1,"$21,374,629",+43.7%,-42.8%,"4,111","$5,199","$162,882,216",9,false
May 11,Sunday,1,"$14,942,808",-30.1%,-42.6%,"4,111","$3,634","$177,825,024",10,false
May 12,Monday,1,"$3,850,844",-74.2%,-44.5%,"4,111",$936,"$181,675,868",11,false
May 13,Tuesday,1,"$3,357,146",-12.8%,-48.4%,"4,111",$816,"$185,033,014",12,false
May 14,Wednesday,1,"$3,082,988",-8.2%,-46.4%,"4,111",$749,"$188,116,002",13,false
May 15,Thursday,1,"$3,169,387",+2.8%,-40.5%,"4,111",$770,"$191,285,389",14,false
May 16,Friday,2,"$8,659,239",+173.2%,-41.8%,"4,154","$2,084","$199,944,628",15,false
May 17,Saturday,2,"$13,431,355",+55.1%,-37.2%,"4,154","$3,233","$213,375,983",16,false
May 18,Sunday,2,"$9,748,402",-27.4%,-34.8%,"4,154","$2,346","$223,124,385",17,false
May 19,Monday,2,"$3,072,182",-68.5%,-20.2%,"4,154",$739,"$226,196,567",18,false
May 20,Tuesday,2,"$2,219,928",-27.7%,-33.9%,"4,154",$534,"$228,416,495",19,false
May 21,Wednesday,2,"$1,926,258",-13.2%,-37.5%,"4,154",$463,"$230,342,753",20,false
May 22,Thursday,3,"$1,824,663",-5.3%,-42.4%,"4,154",$439,"$232,167,416",21,false
May 23,Friday,3,"$5,437,126",+198%,-37.2%,"3,915","$1,388","$237,604,542",22,false
May 24,Saturday,3,"$7,898,842",+45.3%,-41.2%,"3,915","$2,017","$245,503,384",23,false
May 25,Sunday,3,"$7,111,285",-10%,-27.1%,"3,915","$1,816","$252,614,669",24,false
May 26Memorial Day,Monday,3,"$5,663,877",-20.4%,+84.4%,"3,915","$1,446","$258,278,546",25,false
May 27,Tuesday,3,"$1,561,073",-72.4%,-29.7%,"3,915",$398,"$259,839,619",26,false
May 28,Wednesday,3,"$1,395,588",-10.6%,-27.5%,"3,915",$356,"$261,235,207",27,false
May 29,Thursday,3,"$1,389,865",-0.4%,-23.8%,"3,915",$355,"$262,625,072",28,false
May 30,Friday,4,"$3,783,237",+172.2%,-30.4%,"3,650","$1,036","$266,408,309",29,false
May 31,Saturday,4,"$6,068,126",+60.4%,-23.2%,"3,650","$1,662","$272,476,435",30,false
Jun 1,Sunday,4,"$3,689,901",-39.2%,-48.1%,"3,650","$1,010","$276,166,336",31,false
Jun 2,Monday,4,"$1,230,719",-66.6%,-78.3%,"3,650",$337,"$277,397,055",32,false
Jun 3,Tuesday,4,"$1,336,009",+8.6%,-14.4%,"3,650",$366,"$278,733,064",33,false
Jun 4,Wednesday,4,"$1,312,678",-1.7%,-5.9%,"3,650",$359,"$280,045,742",34,false
Jun 5,Thursday,4,"$1,324,459",+0.9%,-4.7%,"3,650",$362,"$281,370,201",35,false
Jun 6,Friday,6,"$2,187,329",+65.1%,-42.2%,"2,931",$746,"$283,557,530",36,false
Jun 7,Saturday,6,"$3,164,558",+44.7%,-47.8%,"2,931","$1,079","$286,722,088",37,false
Jun 8,Sunday,6,"$2,125,552",-32.8%,-42.4%,"2,931",$725,"$288,847,640",38,false
Jun 9,Monday,6,"$893,971",-57.9%,-27.4%,"2,931",$305,"$289,741,611",39,false
Jun 10,Tuesday,6,"$859,778",-3.8%,-35.6%,"2,931",$293,"$290,601,389",40,false
Jun 11,Wednesday,6,"$857,937",-0.2%,-34.6%,"2,931",$292,"$291,459,326",41,false
Jun 12,Thursday,6,"$838,628",-2.3%,-36.7%,"2,931",$286,"$292,297,954",42,false
Jun 13,Friday,8,"$1,466,126",+74.8%,-33%,"2,403",$610,"$293,764,080",43,false
Jun 14,Saturday,7,"$2,119,187",+44.5%,-33%,"2,403",$881,"$295,883,267",44,false
Jun 15,Sunday,7,"$2,035,062",-4%,-4.3%,"2,403",$846,"$297,918,329",45,false
Jun 16,Monday,7,"$720,888",-64.6%,-19.4%,"2,403",$299,"$298,639,217",46,false
Jun 17,Tuesday,7,"$680,253",-5.6%,-20.9%,"2,403",$283,"$299,319,470",47,false
Jun 18,Wednesday,7,"$723,320",+6.3%,-15.7%,"2,403",$301,"$300,042,790",48,false
Jun 19,Thursday,7,"$743,079",+2.7%,-11.4%,"2,403",$309,"$300,785,869",49,false
Jun 20,Friday,9,"$1,130,531",+52.1%,-22.9%,"1,912",$591,"$301,916,400",50,false
Jun 21,Saturday,9,"$1,644,786",+45.5%,-22.4%,"1,912",$860,"$303,561,186",51,false
Jun 22,Sunday,9,"$1,254,955",-23.7%,-38.3%,"1,912",$656,"$304,816,141",52,false
Jun 23,Monday,9,"$552,947",-55.9%,-23.3%,"1,912",$289,"$305,369,088",53,false
Jun 24,Tuesday,9,"$512,328",-7.3%,-24.7%,"1,912",$267,"$305,881,416",54,false
Jun 25,Wednesday,9,"$503,165",-1.8%,-30.4%,"1,912",$263,"$306,384,581",55,false
Jun 26,Thursday,9,"$537,624",+6.8%,-27.6%,"1,912",$281,"$306,922,205",56,false
Jun 27,Friday,11,"$636,953",+18.5%,-43.7%,"1,379",$461,"$307,559,158",57,false
Jun 28,Saturday,11,"$928,651",+45.8%,-43.5%,"1,379",$673,"$308,487,809",58,false
Jun 29,Sunday,11,"$691,509",-25.5%,-44.9%,"1,379",$501,"$309,179,318",59,false
Jun 30,Monday,11,"$336,907",-51.3%,-39.1%,"1,379",$244,"$309,516,225",60,false
Jul 1,Tuesday,12,"$244,176",-27.5%,-52.3%,"1,379",$177,"$309,760,401",61,false
Jul 2,Wednesday,13,"$194,080",-20.5%,-61.4%,"1,379",$140,"$309,954,481",62,false
Jul 3,Thursday,13,"$294,039",+51.5%,-45.3%,"1,379",$213,"$310,248,520",63,false
Jul 4Independence Day,Friday,12,"$405,289",+37.8%,-36.4%,"1,019",$397,"$310,653,809",64,false
Jul 5,Saturday,13,"$627,496",+54.8%,-32.4%,"1,019",$615,"$311,281,305",65,false
Jul 6,Sunday,13,"$426,828",-32%,-38.3%,"1,019",$418,"$311,708,133",66,false
Jul 7,Monday,13,"$190,671",-55.3%,-43.4%,"1,019",$187,"$311,898,804",67,false
Jul 8,Tuesday,13,"$191,766",+0.6%,-21.5%,"1,019",$188,"$312,090,570",68,false
Jul 9,Wednesday,13,"$193,844",+1.1%,-0.1%,"1,019",$190,"$312,284,414",69,false
Jul 10,Thursday,13,"$197,477",+1.9%,-32.8%,"1,019",$193,"$312,481,891",70,false
Jul 11,Friday,14,"$266,545",+35%,-34.2%,710,$375,"$312,748,436",71,false
Jul 12,Saturday,14,"$393,307",+47.6%,-37.3%,710,$553,"$313,141,743",72,false
Jul 13,Sunday,13,"$279,282",-29%,-34.6%,710,$393,"$313,421,025",73,false
Jul 14,Monday,13,"$126,106",-54.8%,-33.9%,710,$177,"$313,547,131",74,false
Jul 15,Tuesday,14,"$124,522",-1.3%,-35.1%,710,$175,"$313,671,653",75,false
Jul 16,Wednesday,13,"$132,915",+6.7%,-31.4%,710,$187,"$313,804,568",76,false
Jul 17,Thursday,13,"$120,562",-9.3%,-38.9%,710,$169,"$313,925,130",77,false
Jul 18,Friday,16,"$141,575",+17.4%,-46.9%,375,$377,"$314,066,705",78,false
Jul 19,Saturday,16,"$189,969",+34.2%,-51.7%,375,$506,"$314,256,674",79,false
Jul 20,Sunday,16,"$120,294",-36.7%,-56.9%,375,$320,"$314,376,968",80,false
Jul 21,Monday,16,"$55,221",-54.1%,-56.2%,375,$147,"$314,432,189",81,false
Jul 22,Tuesday,16,"$57,092",+3.4%,-54.2%,375,$152,"$314,489,281",82,false
Jul 23,Wednesday,16,"$62,696",+9.8%,-52.8%,375,$167,"$314,551,977",83,false
Jul 24,Thursday,16,"$63,324",+1%,-47.5%,375,$168,"$314,615,301",84,false
Jul 25,Friday,19,"$92,172",+45.6%,-34.9%,274,$336,"$314,707,473",85,false
Jul 26,Saturday,20,"$127,609",+38.4%,-32.8%,274,$465,"$314,835,082",86,false
Jul 27,Sunday,19,"$90,873",-28.8%,-24.5%,274,$331,"$314,925,955",87,false
Jul 28,Monday,19,"$42,025",-53.8%,-23.9%,274,$153,"$314,967,980",88,false
Jul 29,Tuesday,19,"$50,392",+19.9%,-11.7%,274,$183,"$315,018,372",89,false
Jul 30,Wednesday,19,"$46,229",-8.3%,-26.3%,274,$168,"$315,064,601",90,false
Jul 31,Thursday,19,"$42,988",-7%,-32.1%,274,$156,"$315,107,589",91,false
Aug 1,Friday,15,"$174,012",+304.8%,+88.8%,407,$427,"$315,281,601",92,false
Aug 2,Saturday,16,"$234,185",+34.6%,+83.5%,407,$575,"$315,515,786",93,false
Aug 3,Sunday,16,"$171,982",-26.6%,+89.3%,407,$422,"$315,687,768",94,false
Aug 4,Monday,16,"$91,440",-46.8%,+117.6%,407,$224,"$315,779,208",95,false
Aug 5,Tuesday,17,"$94,709",+3.6%,+87.9%,407,$232,"$315,873,917",96,false
Aug 6,Wednesday,19,"$84,511",-10.8%,+82.8%,407,$207,"$315,958,428",97,false
Aug 7,Thursday,19,"$83,887",-0.7%,+95.1%,407,$206,"$316,042,315",98,false
Aug 8Beijing Olympics,Friday,19,"$123,484",+47.2%,-29%,345,$357,"$316,165,799",99,false
Aug 9Beijing Olympics,Saturday,19,"$177,082",+43.4%,-24.4%,345,$513,"$316,342,881",100,false
Aug 10Beijing Olympics,Sunday,19,"$125,936",-28.9%,-26.8%,345,$365,"$316,468,817",101,false
Aug 11Beijing Olympics,Monday,19,"$60,134",-52.3%,-34.2%,345,$174,"$316,528,951",102,false
Aug 12Beijing Olympics,Tuesday,19,"$61,890",+2.9%,-34.7%,345,$179,"$316,590,841",103,false
Aug 13Beijing Olympics,Wednesday,20,"$62,889",+1.6%,-25.6%,345,$182,"$316,653,730",104,false
Aug 14Beijing Olympics,Thursday,18,"$63,387",+0.8%,-24.4%,345,$183,"$316,717,117",105,false
Aug 15Beijing Olympics,Friday,22,"$101,652",+60.4%,-17.7%,315,$322,"$316,818,769",106,false
Aug 16Beijing Olympics,Saturday,22,"$146,586",+44.2%,-17.2%,315,$465,"$316,965,355",107,false
Aug 17Beijing Olympics,Sunday,23,"$92,940",-36.6%,-26.2%,315,$295,"$317,058,295",108,false
Aug 18Beijing Olympics,Monday,23,"$41,171",-55.7%,-31.5%,315,$130,"$317,099,466",109,false
Aug 19Beijing Olympics,Tuesday,22,"$46,831",+13.7%,-24.3%,315,$148,"$317,146,297",110,false
Aug 20Beijing Olympics,Wednesday,23,"$43,460",-7.2%,-30.9%,315,$137,"$317,189,757",111,false
Aug 21Beijing Olympics,Thursday,24,"$40,353",-7.1%,-36.3%,315,$128,"$317,230,110",112,false
Aug 22Beijing Olympics,Friday,27,"$72,954",+80.8%,-28.2%,257,$283,"$317,303,064",113,false
Aug 23Beijing Olympics,Saturday,26,"$106,363",+45.8%,-27.4%,257,$413,"$317,409,427",114,false
Aug 24Beijing Olympics,Sunday,27,"$64,025",-39.8%,-31.1%,257,$249,"$317,473,452",115,false
Aug 25,Monday,28,"$22,189",-65.3%,-46.1%,257,$86,"$317,495,641",116,false
Aug 26,Tuesday,27,"$26,116",+17.7%,-44.2%,257,$101,"$317,521,757",117,false
Aug 27,Wednesday,25,"$24,176",-7.4%,-44.4%,257,$94,"$317,545,933",118,false
Aug 28,Thursday,25,"$24,587",+1.7%,-39.1%,257,$95,"$317,570,520",119,false
Aug 29,Friday,29,"$49,601",+101.7%,-32%,220,$225,"$317,620,121",120,false
Aug 30,Saturday,29,"$84,640",+70.6%,-20.4%,220,$384,"$317,704,761",121,false
Aug 31,Sunday,28,"$89,395",+5.6%,+39.6%,220,$406,"$317,794,156",122,false
Sep 1Labor Day,Monday,31,"$53,520",-40.1%,+141.2%,220,$243,"$317,847,676",123,false
Sep 2,Tuesday,29,"$11,162",-79.1%,-57.3%,220,$50,"$317,858,838",124,false
Sep 3,Wednesday,29,"$10,305",-7.7%,-57.4%,220,$46,"$317,869,143",125,false
Sep 4,Thursday,29,"$10,893",+5.7%,-55.7%,220,$49,"$317,880,036",126,false
Sep 5,Friday,32,"$35,385",+224.8%,-28.7%,205,$172,"$317,915,421",127,false
Sep 6,Saturday,32,"$61,965",+75.1%,-26.8%,205,$302,"$317,977,386",128,false
Sep 7,Sunday,32,"$29,384",-52.6%,-67.1%,205,$143,"$318,006,770",129,false
Sep 8,Monday,32,"$7,192",-75.5%,-86.6%,205,$35,"$318,013,962",130,false
Sep 9,Tuesday,31,"$8,577",+19.3%,-23.2%,205,$41,"$318,022,539",131,false
Sep 10,Wednesday,31,"$8,265",-3.6%,-19.8%,205,$40,"$318,030,804",132,false
Sep 11,Thursday,30,"$9,120",+10.3%,-16.3%,205,$44,"$318,039,924",133,false
Sep 12,Friday,32,"$26,103",+186.2%,-26.2%,156,$167,"$318,066,027",134,false
Sep 13,Saturday,31,"$46,788",+79.2%,-24.5%,156,$299,"$318,112,815",135,false
Sep 14,Sunday,32,"$21,925",-53.1%,-25.4%,156,$140,"$318,134,740",136,false
Sep 15,Monday,33,"$5,552",-74.7%,-22.8%,156,$35,"$318,140,292",137,false
Sep 16,Tuesday,33,"$6,383",+15%,-25.6%,156,$40,"$318,146,675",138,false
Sep 17,Wednesday,33,"$6,697",+4.9%,-19%,156,$42,"$318,153,372",139,false
Sep 18,Thursday,33,"$6,745",+0.7%,-26%,156,$43,"$318,160,117",140,false
Sep 19,Friday,36,"$15,656",+132.1%,-40%,124,$126,"$318,175,773",141,false
Sep 20,Saturday,35,"$27,820",+77.7%,-40.5%,124,$224,"$318,203,593",142,false
Sep 21,Sunday,36,"$15,561",-44.1%,-29%,124,$125,"$318,219,154",143,false
Sep 22,Monday,36,"$4,631",-70.2%,-16.6%,124,$37,"$318,223,785",144,false
Sep 23,Tuesday,36,"$5,731",+23.8%,-10.2%,124,$46,"$318,229,516",145,false
Sep 24,Wednesday,35,"$4,955",-13.5%,-26%,124,$39,"$318,234,471",146,false
Sep 25,Thursday,35,"$5,345",+7.9%,-20.8%,124,$43,"$318,239,816",147,false
Sep 26,Friday,39,"$16,942",+217%,+8.2%,121,$140,"$318,256,758",148,false
Sep 27,Saturday,38,"$28,836",+70.2%,+3.7%,121,$238,"$318,285,594",149,false
Sep 28,Sunday,41,"$12,586",-56.4%,-19.1%,121,$104,"$318,298,180",150,false
Sep 29,Monday,40,"$3,737",-70.3%,-19.3%,121,$30,"$318,301,917",151,false
Sep 30,Tuesday,40,"$4,033",+7.9%,-29.6%,121,$33,"$318,305,950",152,false
Oct 1,Wednesday,41,"$3,455",-14.3%,-30.3%,121,$28,"$318,309,405",153,false
Oct 2,Thursday,41,"$3,794",+9.8%,-29%,121,$31,"$318,313,199",154,false
May 6,Thursday,11,"$192,025",-,-,"1,105",$173,"$318,604,126",735,false
