Date,DOW,Rank,Daily,%± YD,%± LW,Theaters,Avg,To Date,Day,Estimated
Nov 3,Friday,1,"$46,470,936",-,-,"4,080","$11,389","$46,470,936",1,false
Nov 4,Saturday,1,"$44,203,752",-4.9%,-,"4,080","$10,834","$90,674,688",2,false
Nov 5,Sunday,1,"$32,070,301",-27.4%,-,"4,080","$7,860","$122,744,989",3,false
Nov 6,Monday,1,"$8,247,661",-74.3%,-,"4,080","$2,021","$130,992,650",4,false
Nov 7,Tuesday,1,"$10,824,443",+31.2%,-,"4,080","$2,653","$141,817,093",5,false
Nov 8,Wednesday,1,"$6,148,407",-43.2%,-,"4,080","$1,506","$147,965,500",6,false
Nov 9,Thursday,1,"$7,024,207",+14.2%,-,"4,080","$1,721","$154,989,707",7,false
Nov 10,Friday,1,"$18,361,360",+161.4%,-60.5%,"4,080","$4,500","$173,351,067",8,false
Nov 11,Saturday,1,"$23,744,122",+29.3%,-46.3%,"4,080","$5,819","$197,095,189",9,false
Nov 12,Sunday,1,"$14,972,824",-36.9%,-53.3%,"4,080","$3,669","$212,068,013",10,false
Nov 13,Monday,1,"$3,699,478",-75.3%,-55.1%,"4,080",$906,"$215,767,491",11,false
Nov 14,Tuesday,1,"$4,489,361",+21.4%,-58.5%,"4,080","$1,100","$220,256,852",12,false
Nov 15,Wednesday,1,"$2,919,452",-35%,-52.5%,"4,080",$715,"$223,176,304",13,false
Nov 16,Thursday,1,"$2,419,866",-17.1%,-65.5%,"4,080",$593,"$225,596,170",14,false
Nov 17,Friday,3,"$5,735,104",+137%,-68.8%,"4,080","$1,405","$231,331,274",15,false
Nov 18,Saturday,3,"$9,559,369",+66.7%,-59.7%,"4,080","$2,342","$240,890,643",16,false
Nov 19,Sunday,3,"$6,375,127",-33.3%,-57.4%,"4,080","$1,562","$247,265,770",17,false
Nov 20,Monday,3,"$2,457,686",-61.4%,-33.6%,"4,080",$602,"$249,723,456",18,false
Nov 21,Tuesday,3,"$3,489,938",+42%,-22.3%,"4,080",$855,"$253,213,394",19,false
Nov 22,Wednesday,4,"$4,038,922",+15.7%,+38.3%,"3,281","$1,231","$257,252,316",20,false
Nov 23Thanksgiving,Thursday,4,"$3,534,961",-12.5%,+46.1%,"3,281","$1,077","$260,787,277",21,false
Nov 24,Friday,4,"$6,718,044",+90%,+17.1%,"3,281","$2,047","$267,505,321",22,false
Nov 25,Saturday,4,"$6,581,173",-2%,-31.2%,"3,281","$2,005","$274,086,494",23,false
Nov 26,Sunday,4,"$3,564,077",-45.8%,-44.1%,"3,281","$1,086","$277,650,571",24,false
Nov 27,Monday,4,"$872,200",-75.5%,-64.5%,"3,281",$265,"$278,522,771",25,false
Nov 28,Tuesday,5,"$1,156,251",+32.6%,-66.9%,"3,281",$352,"$279,679,022",26,false
Nov 29,Wednesday,4,"$919,744",-20.5%,-77.2%,"3,281",$280,"$280,598,766",27,false
Nov 30,Thursday,4,"$1,148,833",+24.9%,-67.5%,"3,281",$350,"$281,747,599",28,false
Dec 1,Friday,4,"$2,695,400",+134.6%,-59.9%,"3,148",$856,"$284,442,999",29,false
Dec 2,Saturday,4,"$4,425,036",+64.2%,-32.8%,"3,148","$1,405","$288,868,035",30,false
Dec 3,Sunday,4,"$2,765,500",-37.5%,-22.4%,"3,148",$878,"$291,633,535",31,false
Dec 4,Monday,4,"$753,838",-72.7%,-13.6%,"3,148",$239,"$292,387,373",32,false
Dec 5,Tuesday,4,"$1,023,330",+35.7%,-11.5%,"3,148",$325,"$293,410,703",33,false
Dec 6,Wednesday,4,"$734,214",-28.3%,-20.2%,"3,148",$233,"$294,144,917",34,false
Dec 7,Thursday,4,"$720,147",-1.9%,-37.3%,"3,148",$228,"$294,865,064",35,false
Dec 8,Friday,6,"$1,677,125",+132.9%,-37.8%,"3,047",$550,"$296,542,189",36,false
Dec 9,Saturday,4,"$2,843,711",+69.6%,-35.7%,"3,047",$933,"$299,385,900",37,false
Dec 10,Sunday,4,"$1,750,538",-38.4%,-36.7%,"3,047",$574,"$301,136,438",38,false
Dec 11,Monday,5,"$516,235",-70.5%,-31.5%,"3,047",$169,"$301,652,673",39,false
Dec 12,Tuesday,4,"$740,606",+43.5%,-27.6%,"3,047",$243,"$302,393,279",40,false
Dec 13,Wednesday,5,"$556,948",-24.8%,-24.1%,"3,047",$182,"$302,950,227",41,false
Dec 14,Thursday,4,"$443,893",-20.3%,-38.4%,"3,047",$145,"$303,394,120",42,false
Dec 15,Friday,7,"$784,873",+76.8%,-53.2%,"1,895",$414,"$304,178,993",43,false
Dec 16,Saturday,7,"$1,350,766",+72.1%,-52.5%,"1,895",$712,"$305,529,759",44,false
Dec 17,Sunday,7,"$997,777",-26.1%,-43%,"1,895",$526,"$306,527,536",45,false
Dec 18,Monday,8,"$440,793",-55.8%,-14.6%,"1,895",$232,"$306,968,329",46,false
Dec 19,Tuesday,7,"$598,002",+35.7%,-19.3%,"1,895",$315,"$307,566,331",47,false
Dec 20,Wednesday,10,"$383,763",-35.8%,-31.1%,"1,895",$202,"$307,950,094",48,false
Dec 21,Thursday,10,"$340,664",-11.2%,-23.3%,"1,895",$179,"$308,290,758",49,false
Dec 22,Friday,18,"$292,159",-14.2%,-62.8%,701,$416,"$308,582,917",50,false
Dec 23,Saturday,18,"$341,142",+16.8%,-74.7%,701,$486,"$308,924,059",51,false
Dec 24,Sunday,17,"$200,577",-41.2%,-79.9%,701,$286,"$309,124,636",52,false
Dec 25Christmas Day,Monday,18,"$329,457",+64.3%,-25.3%,701,$469,"$309,454,093",53,false
Dec 26,Tuesday,18,"$330,578",+0.3%,-44.7%,701,$471,"$309,784,671",54,false
Dec 27,Wednesday,20,"$289,463",-12.4%,-24.6%,701,$412,"$310,074,134",55,false
Dec 28,Thursday,18,"$296,105",+2.3%,-13.1%,701,$422,"$310,370,239",56,false
Dec 29,Friday,18,"$306,552",+3.5%,+4.9%,540,$567,"$310,676,791",57,false
Dec 30,Saturday,19,"$341,736",+11.5%,+0.2%,540,$632,"$311,018,527",58,false
Dec 31New Year's Eve,Sunday,18,"$206,623",-39.5%,+3%,540,$382,"$311,225,150",59,false
Jan 1New Year's Day,Monday,19,"$274,976",+33.1%,-16.5%,540,$509,"$311,500,126",60,false
Jan 2,Tuesday,17,"$182,206",-33.7%,-44.9%,540,$337,"$311,682,332",61,false
Jan 3,Wednesday,17,"$137,563",-24.5%,-52.5%,540,$254,"$311,819,895",62,false
Jan 4,Thursday,17,"$124,891",-9.2%,-57.8%,540,$231,"$311,944,786",63,false
Jan 5,Friday,21,"$155,985",+24.9%,-49.1%,325,$479,"$312,100,771",64,false
Jan 6,Saturday,21,"$226,596",+45.3%,-33.7%,325,$697,"$312,327,367",65,false
Jan 7,Sunday,21,"$132,359",-41.6%,-35.9%,325,$407,"$312,459,726",66,false
Jan 8,Monday,21,"$44,384",-66.5%,-83.9%,325,$136,"$312,504,110",67,false
Jan 9,Tuesday,21,"$53,119",+19.7%,-70.8%,325,$163,"$312,557,229",68,false
Jan 10,Wednesday,21,"$45,469",-14.4%,-66.9%,325,$139,"$312,602,698",69,false
Jan 11,Thursday,23,"$38,622",-15.1%,-69.1%,325,$118,"$312,641,320",70,false
Jan 12,Friday,23,"$88,750",+129.8%,-43.1%,242,$366,"$312,730,070",71,false
Jan 13,Saturday,23,"$160,406",+80.7%,-29.2%,242,$662,"$312,890,476",72,false
Jan 14,Sunday,24,"$121,803",-24.1%,-8%,242,$503,"$313,012,279",73,false
Jan 15MLK Day,Monday,23,"$90,023",-26.1%,+102.8%,242,$371,"$313,102,302",74,false
Jan 16,Tuesday,24,"$35,544",-60.5%,-33.1%,242,$146,"$313,137,846",75,false
Jan 17,Wednesday,24,"$31,458",-11.5%,-30.8%,242,$129,"$313,169,304",76,false
Jan 18,Thursday,24,"$29,227",-7.1%,-24.3%,242,$120,"$313,198,531",77,false
Jan 19,Friday,27,"$62,799",+114.9%,-29.2%,184,$341,"$313,261,330",78,false
Jan 20,Saturday,26,"$115,885",+84.5%,-27.8%,184,$629,"$313,377,215",79,false
Jan 21,Sunday,28,"$55,832",-51.8%,-54.2%,184,$303,"$313,433,047",80,false
Jan 22,Monday,27,"$18,704",-66.5%,-79.2%,184,$101,"$313,451,751",81,false
Jan 23,Tuesday,28,"$22,413",+19.8%,-36.9%,184,$121,"$313,474,164",82,false
Jan 24,Wednesday,28,"$19,447",-13.2%,-38.2%,184,$105,"$313,493,611",83,false
Jan 25,Thursday,28,"$19,398",-0.3%,-33.6%,184,$105,"$313,513,009",84,false
Jan 26,Friday,29,"$45,863",+136.4%,-27%,150,$305,"$313,558,872",85,false
Jan 27,Saturday,29,"$85,199",+85.8%,-26.5%,150,$567,"$313,644,071",86,false
Jan 28,Sunday,28,"$50,767",-40.4%,-9.1%,150,$338,"$313,694,838",87,false
Jan 29,Monday,30,"$13,645",-73.1%,-27%,150,$90,"$313,708,483",88,false
Jan 30,Tuesday,30,"$14,421",+5.7%,-35.7%,150,$96,"$313,722,904",89,false
Jan 31,Wednesday,32,"$13,085",-9.3%,-32.7%,150,$87,"$313,735,989",90,false
Feb 1,Thursday,30,"$15,284",+16.8%,-21.2%,150,$101,"$313,751,273",91,false
Feb 2,Friday,28,"$66,416",+334.5%,+44.8%,204,$325,"$313,817,689",92,false
Feb 3,Saturday,27,"$129,013",+94.2%,+51.4%,204,$632,"$313,946,702",93,false
Feb 4,Sunday,28,"$49,521",-61.6%,-2.5%,204,$242,"$313,996,223",94,false
Feb 5,Monday,25,"$23,404",-52.7%,+71.5%,204,$114,"$314,019,627",95,false
Feb 6,Tuesday,26,"$25,395",+8.5%,+76.1%,204,$124,"$314,045,022",96,false
Feb 7,Wednesday,25,"$22,620",-10.9%,+72.9%,204,$110,"$314,067,642",97,false
Feb 8,Thursday,25,"$23,583",+4.3%,+54.3%,204,$115,"$314,091,225",98,false
Feb 9PyeongChang Olympics,Friday,32,"$50,174",+112.8%,-24.5%,173,$290,"$314,141,399",99,false
Feb 10PyeongChang Olympics,Saturday,33,"$105,374",+110%,-18.3%,173,$609,"$314,246,773",100,false
Feb 11PyeongChang Olympics,Sunday,32,"$69,523",-34%,+40.4%,173,$401,"$314,316,296",101,false
Feb 12PyeongChang Olympics,Monday,32,"$18,288",-73.7%,-21.9%,173,$105,"$314,334,584",102,false
Feb 13PyeongChang Olympics,Tuesday,31,"$18,390",+0.6%,-27.6%,173,$106,"$314,352,974",103,false
Feb 14PyeongChang Olympics,Wednesday,32,"$27,444",+49.2%,+21.3%,173,$158,"$314,380,418",104,false
Feb 15PyeongChang Olympics,Thursday,29,"$17,706",-35.5%,-24.9%,173,$102,"$314,398,124",105,false
Feb 16PyeongChang Olympics,Friday,32,"$47,125",+166.2%,-6.1%,149,$316,"$314,445,249",106,false
Feb 17PyeongChang Olympics,Saturday,30,"$84,659",+79.6%,-19.7%,149,$568,"$314,529,908",107,false
Feb 18PyeongChang Olympics,Sunday,33,"$63,913",-24.5%,-8.1%,149,$428,"$314,593,821",108,false
Feb 19Presidents' DayPyeongChang Olympics,Monday,34,"$38,914",-39.1%,+112.8%,149,$261,"$314,632,735",109,false
Feb 20PyeongChang Olympics,Tuesday,33,"$14,928",-61.6%,-18.8%,149,$100,"$314,647,663",110,false
Feb 21PyeongChang Olympics,Wednesday,34,"$12,837",-14%,-53.2%,149,$86,"$314,660,500",111,false
Feb 22PyeongChang Olympics,Thursday,34,"$14,502",+13%,-18.1%,149,$97,"$314,675,002",112,false
Feb 23PyeongChang Olympics,Friday,32,"$33,754",+132.8%,-28.4%,131,$257,"$314,708,756",113,false
Feb 24PyeongChang Olympics,Saturday,35,"$65,797",+94.9%,-22.3%,131,$502,"$314,774,553",114,false
Feb 25PyeongChang Olympics,Sunday,33,"$37,815",-42.5%,-40.8%,131,$288,"$314,812,368",115,false
Feb 26,Monday,35,"$9,094",-76%,-76.6%,131,$69,"$314,821,462",116,false
Feb 27,Tuesday,39,"$8,386",-7.8%,-43.8%,131,$64,"$314,829,848",117,false
Feb 28,Wednesday,40,"$7,744",-7.7%,-39.7%,131,$59,"$314,837,592",118,false
Mar 1,Thursday,35,"$9,653",+24.7%,-33.4%,131,$73,"$314,847,245",119,false
Mar 2,Friday,32,"$32,485",+236.5%,-3.8%,110,$295,"$314,879,730",120,false
Mar 3,Saturday,33,"$60,112",+85%,-8.6%,110,$546,"$314,939,842",121,false
Mar 4,Sunday,35,"$25,977",-56.8%,-31.3%,110,$236,"$314,965,819",122,false
Mar 5,Monday,37,"$6,510",-74.9%,-28.4%,110,$59,"$314,972,329",123,false
Mar 6,Tuesday,39,"$6,578",+1%,-21.6%,110,$59,"$314,978,907",124,false
Mar 7,Wednesday,38,"$6,870",+4.4%,-11.3%,110,$62,"$314,985,777",125,false
Mar 8,Thursday,37,"$7,326",+6.6%,-24.1%,110,$66,"$314,993,103",126,false
Mar 9,Friday,41,"$10,006",+36.6%,-69.2%,70,$142,"$315,003,109",127,false
Mar 10,Saturday,40,"$18,645",+86.3%,-69%,70,$266,"$315,021,754",128,false
Mar 11,Sunday,41,"$13,213",-29.1%,-49.1%,70,$188,"$315,034,967",129,false
Mar 12,Monday,41,"$5,334",-59.6%,-18.1%,70,$76,"$315,040,301",130,false
Mar 13,Tuesday,41,"$6,502",+21.9%,-1.2%,70,$92,"$315,046,803",131,false
Mar 14,Wednesday,41,"$5,751",-11.6%,-16.3%,70,$82,"$315,052,554",132,false
Mar 15,Thursday,39,"$5,735",-0.3%,-21.7%,70,$81,"$315,058,289",133,false
