Date,DOW,Rank,Daily,%± YD,%± LW,Theaters,Avg,To Date,Day,Estimated
Nov 11,Friday,1,"$84,285,721",-,-,"4,396","$19,173","$84,285,721",1,false
Nov 12,Saturday,1,"$56,131,051",-33.4%,-,"4,396","$12,768","$140,416,772",2,false
Nov 13,Sunday,1,"$40,922,989",-27.1%,-,"4,396","$9,309","$181,339,761",3,false
Nov 14,Monday,1,"$11,125,499",-72.8%,-,"4,396","$2,530","$192,465,260",4,false
Nov 15,Tuesday,1,"$12,636,707",+13.6%,-,"4,396","$2,874","$205,101,967",5,false
Nov 16,Wednesday,1,"$8,110,601",-35.8%,-,"4,396","$1,844","$213,212,568",6,false
Nov 17,Thursday,1,"$7,480,079",-7.8%,-,"4,396","$1,701","$220,692,647",7,false
Nov 18,Friday,1,"$17,999,138",+140.6%,-78.6%,"4,396","$4,094","$238,691,785",8,false
Nov 19,Saturday,1,"$28,772,668",+59.9%,-48.7%,"4,396","$6,545","$267,464,453",9,false
Nov 20,Sunday,1,"$19,710,460",-31.5%,-51.8%,"4,396","$4,483","$287,174,913",10,false
Nov 21World Cup (Qatar),Monday,1,"$7,002,759",-64.5%,-37.1%,"4,396","$1,592","$294,177,672",11,false
Nov 22World Cup (Qatar),Tuesday,1,"$9,492,924",+35.6%,-24.9%,"4,396","$2,159","$303,670,596",12,false
Nov 23World Cup (Qatar),Wednesday,1,"$10,052,869",+5.9%,+23.9%,"4,290","$2,343","$313,723,465",13,false
Nov 24ThanksgivingWorld Cup (Qatar),Thursday,1,"$8,164,083",-18.8%,+9.1%,"4,290","$1,903","$321,887,548",14,false
Nov 25World Cup (Qatar),Friday,1,"$18,230,476",+123.3%,+1.3%,"4,290","$4,249","$340,118,024",15,false
Nov 26World Cup (Qatar),Saturday,1,"$17,599,193",-3.5%,-38.8%,"4,290","$4,102","$357,717,217",16,false
Nov 27World Cup (Qatar),Sunday,1,"$9,754,235",-44.6%,-50.5%,"4,290","$2,273","$367,471,452",17,false
Nov 28World Cup (Qatar),Monday,1,"$2,208,258",-77.4%,-68.5%,"4,290",$514,"$369,679,710",18,false
Nov 29World Cup (Qatar),Tuesday,1,"$2,681,411",+21.4%,-71.8%,"4,290",$625,"$372,361,121",19,false
Nov 30World Cup (Qatar),Wednesday,1,"$1,918,716",-28.4%,-80.9%,"4,290",$447,"$374,279,837",20,false
Dec 1World Cup (Qatar),Thursday,1,"$1,851,240",-3.5%,-77.3%,"4,290",$431,"$376,131,077",21,false
Dec 2World Cup (Qatar),Friday,2,"$4,459,381",+140.9%,-75.5%,"3,855","$1,156","$380,590,458",22,false
Dec 3World Cup (Qatar),Saturday,1,"$8,171,837",+83.3%,-53.6%,"3,855","$2,119","$388,762,295",23,false
Dec 4World Cup (Qatar),Sunday,1,"$4,908,833",-39.9%,-49.7%,"3,855","$1,273","$393,671,128",24,false
Dec 5World Cup (Qatar),Monday,1,"$1,162,850",-76.3%,-47.3%,"3,855",$301,"$394,833,978",25,false
Dec 6World Cup (Qatar),Tuesday,1,"$1,567,075",+34.8%,-41.6%,"3,855",$406,"$396,401,053",26,false
Dec 7World Cup (Qatar),Wednesday,1,"$1,144,653",-27%,-40.3%,"3,855",$296,"$397,545,706",27,false
Dec 8World Cup (Qatar),Thursday,1,"$1,165,072",+1.8%,-37.1%,"3,855",$302,"$398,710,778",28,false
Dec 9World Cup (Qatar),Friday,1,"$2,860,689",+145.5%,-35.9%,"3,725",$767,"$401,571,467",29,false
Dec 10World Cup (Qatar),Saturday,1,"$5,178,818",+81%,-36.6%,"3,725","$1,390","$406,750,285",30,false
Dec 11World Cup (Qatar),Sunday,1,"$3,195,195",-38.3%,-34.9%,"3,725",$857,"$409,945,480",31,false
Dec 12World Cup (Qatar),Monday,1,"$903,453",-71.7%,-22.3%,"3,725",$242,"$410,848,933",32,false
Dec 13World Cup (Qatar),Tuesday,1,"$1,144,342",+26.7%,-27%,"3,725",$307,"$411,993,275",33,false
Dec 14World Cup (Qatar),Wednesday,1,"$909,059",-20.6%,-20.6%,"3,725",$244,"$412,902,334",34,false
Dec 15World Cup (Qatar),Thursday,1,"$688,851",-24.2%,-40.9%,"3,725",$184,"$413,591,185",35,false
Dec 16World Cup (Qatar),Friday,2,"$1,459,454",+111.9%,-49%,"3,380",$431,"$415,050,639",36,false
Dec 17World Cup (Qatar),Saturday,2,"$2,274,228",+55.8%,-56.1%,"3,380",$672,"$417,324,867",37,false
Dec 18World Cup (Qatar),Sunday,2,"$1,613,161",-29.1%,-49.5%,"3,380",$477,"$418,938,028",38,false
Dec 19,Monday,2,"$836,634",-48.1%,-7.4%,"3,380",$247,"$419,774,662",39,false
Dec 20,Tuesday,2,"$1,100,937",+31.6%,-3.8%,"3,380",$325,"$420,875,599",40,false
Dec 21,Wednesday,3,"$898,080",-18.4%,-1.2%,"3,200",$280,"$421,773,679",41,false
Dec 22,Thursday,3,"$881,722",-1.8%,+28%,"3,200",$275,"$422,655,401",42,false
Dec 23,Friday,5,"$986,968",+11.9%,-32.4%,"2,250",$438,"$423,642,369",43,false
Dec 24,Saturday,4,"$785,679",-20.4%,-65.5%,"2,250",$349,"$424,428,048",44,false
Dec 25Christmas Day,Sunday,5,"$1,719,937",+118.9%,+6.6%,"2,250",$764,"$426,147,985",45,false
Dec 26,Monday,3,"$2,014,246",+17.1%,+140.8%,"2,250",$895,"$428,162,231",46,false
Dec 27,Tuesday,3,"$1,784,546",-11.4%,+62.1%,"2,250",$793,"$429,946,777",47,false
Dec 28,Wednesday,3,"$1,608,074",-9.9%,+79.1%,"2,250",$714,"$431,554,851",48,false
Dec 29,Thursday,3,"$1,590,802",-1.1%,+80.4%,"2,250",$707,"$433,145,653",49,false
Dec 30,Friday,3,"$1,931,001",+21.4%,+95.6%,"2,310",$835,"$435,076,654",50,false
Dec 31New Year's Eve,Saturday,3,"$1,422,992",-26.3%,+81.1%,"2,310",$616,"$436,499,646",51,false
Jan 1New Year's Day,Sunday,3,"$1,791,721",+25.9%,+4.2%,"2,310",$775,"$438,291,367",52,false
Jan 2,Monday,3,"$1,643,640",-8.3%,-18.4%,"2,310",$711,"$439,935,007",53,false
Jan 3,Tuesday,3,"$852,850",-48.1%,-52.2%,178,"$4,791","$440,787,857",54,false
Jan 4,Wednesday,3,"$665,349",-22%,-58.6%,178,"$3,737","$441,453,206",55,false
Jan 5,Thursday,3,"$586,410",-11.9%,-63.1%,178,"$3,294","$442,039,616",56,false
Jan 6,Friday,5,"$972,586",+65.9%,-49.6%,"2,255",$431,"$443,012,202",57,false
Jan 7,Saturday,5,"$1,600,077",+64.5%,+12.4%,"2,255",$709,"$444,612,279",58,false
Jan 8,Sunday,5,"$950,793",-40.6%,-46.9%,"2,255",$421,"$445,563,072",59,false
Jan 9,Monday,5,"$323,653",-66%,-80.3%,"2,255",$143,"$445,886,725",60,false
Jan 10,Tuesday,5,"$393,707",+21.6%,-53.8%,"2,255",$174,"$446,280,432",61,false
Jan 11,Wednesday,6,"$332,614",-15.5%,-50%,"2,255",$147,"$446,613,046",62,false
Jan 12,Thursday,5,"$299,326",-10%,-49%,"2,255",$132,"$446,912,372",63,false
Jan 13,Friday,7,"$544,042",+81.8%,-44.1%,"1,910",$284,"$447,456,414",64,false
Jan 14,Saturday,7,"$1,058,974",+94.6%,-33.8%,"1,910",$554,"$448,515,388",65,false
Jan 15,Sunday,7,"$862,247",-18.6%,-9.3%,"1,910",$451,"$449,377,635",66,false
Jan 16MLK Day,Monday,6,"$634,523",-26.4%,+96.1%,"1,910",$332,"$450,012,158",67,false
Jan 17,Tuesday,8,"$189,032",-70.2%,-52%,"1,910",$98,"$450,201,190",68,false
Jan 18,Wednesday,8,"$135,713",-28.2%,-59.2%,"1,910",$71,"$450,336,903",69,false
Jan 19,Thursday,8,"$143,849",+6%,-51.9%,"1,910",$75,"$450,480,752",70,false
Jan 20,Friday,10,"$337,361",+134.5%,-38%,"1,525",$221,"$450,818,113",71,false
Jan 21,Saturday,8,"$668,848",+98.3%,-36.8%,"1,525",$438,"$451,486,961",72,false
Jan 22,Sunday,10,"$356,400",-46.7%,-58.7%,"1,525",$233,"$451,843,361",73,false
Jan 23,Monday,9,"$108,772",-69.5%,-82.9%,"1,525",$71,"$451,952,133",74,false
Jan 24,Tuesday,9,"$125,116",+15%,-33.8%,"1,525",$82,"$452,077,249",75,false
Jan 25,Wednesday,10,"$97,770",-21.9%,-28%,"1,525",$64,"$452,175,019",76,false
Jan 26,Thursday,11,"$98,874",+1.1%,-31.3%,"1,525",$64,"$452,273,893",77,false
Jan 27,Friday,18,"$177,985",+80%,-47.2%,"1,030",$172,"$452,451,878",78,false
Jan 28,Saturday,15,"$390,221",+119.2%,-41.7%,"1,030",$378,"$452,842,099",79,false
Jan 29,Sunday,15,"$189,369",-51.5%,-46.9%,"1,030",$183,"$453,031,468",80,false
Jan 30,Monday,14,"$60,830",-67.9%,-44.1%,"1,030",$59,"$453,092,298",81,false
Jan 31,Tuesday,16,"$63,982",+5.2%,-48.9%,"1,030",$62,"$453,156,280",82,false
Feb 1,Wednesday,14,"$53,475",-16.4%,-45.3%,"1,030",$51,"$453,209,755",83,false
Feb 2,Thursday,15,"$41,845",-21.7%,-57.7%,"1,030",$40,"$453,251,600",84,false
Feb 3,Friday,19,"$48,823",+16.7%,-72.6%,430,$113,"$453,300,423",85,false
Feb 4,Saturday,18,"$111,125",+127.6%,-71.5%,430,$258,"$453,411,548",86,false
Feb 5,Sunday,19,"$62,776",-43.5%,-66.8%,430,$145,"$453,474,324",87,false
Feb 6,Monday,20,"$17,097",-72.8%,-71.9%,430,$39,"$453,491,421",88,false
Feb 7,Tuesday,18,"$20,871",+22.1%,-67.4%,430,$48,"$453,512,292",89,false
Feb 8,Wednesday,19,"$18,155",-13%,-66%,430,$42,"$453,530,447",90,false
Feb 9,Thursday,18,"$15,932",-12.2%,-61.9%,430,$37,"$453,546,379",91,false
Feb 10,Friday,22,"$19,332",+21.3%,-60.4%,200,$96,"$453,565,711",92,false
Feb 11,Saturday,20,"$43,378",+124.4%,-61%,200,$216,"$453,609,089",93,false
Feb 12,Sunday,21,"$17,236",-60.3%,-72.5%,200,$86,"$453,626,325",94,false
Feb 13,Monday,22,"$8,687",-49.6%,-49.2%,200,$43,"$453,635,012",95,false
Feb 14,Tuesday,22,"$20,034",+130.6%,-4%,200,$100,"$453,655,046",96,false
Feb 15,Wednesday,24,"$8,623",-57%,-52.5%,200,$43,"$453,663,669",97,false
Feb 16,Thursday,24,"$7,325",-15.1%,-54%,200,$36,"$453,670,994",98,false
Feb 17,Friday,25,"$11,451",+56.3%,-40.8%,75,$152,"$453,682,445",99,false
Feb 18,Saturday,23,"$19,053",+66.4%,-56.1%,75,$254,"$453,701,498",100,false
Feb 19,Sunday,26,"$11,182",-41.3%,-35.1%,75,$149,"$453,712,680",101,false
Feb 20Presidents' Day,Monday,26,"$5,636",-49.6%,-35.1%,75,$75,"$453,718,316",102,false
Feb 21,Tuesday,30,"$3,515",-37.6%,-82.5%,75,$46,"$453,721,831",103,false
Feb 22,Wednesday,27,"$4,266",+21.4%,-50.5%,75,$56,"$453,726,097",104,false
Feb 23,Thursday,29,"$2,537",-40.5%,-65.4%,75,$33,"$453,728,634",105,false
Feb 24,Friday,26,"$15,334",+504.4%,+33.9%,230,$66,"$453,743,968",106,false
Feb 25,Saturday,25,"$26,844",+75.1%,+40.9%,230,$116,"$453,770,812",107,false
Feb 26,Sunday,26,"$15,948",-40.6%,+42.6%,230,$69,"$453,786,760",108,false
Feb 27,Monday,27,"$4,293",-73.1%,-23.8%,230,$18,"$453,791,053",109,false
Feb 28,Tuesday,28,"$6,639",+54.6%,+88.9%,230,$28,"$453,797,692",110,false
Mar 1,Wednesday,25,"$5,059",-23.8%,+18.6%,230,$21,"$453,802,751",111,false
Mar 2,Thursday,26,"$4,830",-4.5%,+90.4%,230,$21,"$453,807,581",112,false
Mar 3,Friday,35,"$2,422",-49.9%,-84.2%,40,$60,"$453,810,003",113,false
Mar 4,Saturday,36,"$4,272",+76.4%,-84.1%,40,$106,"$453,814,275",114,false
Mar 5,Sunday,35,"$3,663",-14.3%,-77%,40,$91,"$453,817,938",115,false
Mar 6,Monday,38,$529,-85.6%,-87.7%,40,$13,"$453,818,467",116,false
Mar 7,Tuesday,36,"$1,285",+142.9%,-80.6%,40,$32,"$453,819,752",117,false
Mar 8,Wednesday,37,$637,-50.4%,-87.4%,40,$15,"$453,820,389",118,false
Mar 9,Thursday,30,"$3,340",+424.3%,-30.8%,40,$83,"$453,823,729",119,false
Mar 10,Friday,39,$870,-74%,-64.1%,30,$29,"$453,824,599",120,false
Mar 11,Saturday,38,"$1,388",+59.5%,-67.5%,30,$46,"$453,825,987",121,false
Mar 12,Sunday,35,"$1,148",-17.3%,-68.7%,30,$38,"$453,827,135",122,false
Mar 13,Monday,37,$350,-69.5%,-33.8%,30,$11,"$453,827,485",123,false
Mar 14,Tuesday,35,$472,+34.9%,-63.3%,30,$15,"$453,827,957",124,false
Mar 15,Wednesday,36,$445,-5.7%,-30.1%,30,$14,"$453,828,402",125,false
Mar 16,Thursday,33,$658,+47.9%,-80.3%,30,$21,"$453,829,060",126,false
