Date,DOW,Rank,Daily,%± YD,%± LW,Theaters,Avg,To Date,Day,Estimated
May 6,Friday,1,"$75,502,161",-,-,"4,226","$17,866","$75,502,161",1,false
May 7,Saturday,1,"$61,209,001",-18.9%,-,"4,226","$14,483","$136,711,162",2,false
May 8,Sunday,1,"$42,427,980",-30.7%,-,"4,226","$10,039","$179,139,142",3,false
May 9,Monday,1,"$13,291,876",-68.7%,-,"4,226","$3,145","$192,431,018",4,false
May 10,Tuesday,1,"$13,761,120",+3.5%,-,"4,226","$3,256","$206,192,138",5,false
May 11,Wednesday,1,"$8,976,371",-34.8%,-,"4,226","$2,124","$215,168,509",6,false
May 12,Thursday,1,"$8,160,569",-9.1%,-,"4,226","$1,931","$223,329,078",7,false
May 13,Friday,1,"$19,612,028",+140.3%,-74%,"4,226","$4,640","$242,941,106",8,false
May 14,Saturday,1,"$31,960,342",+63%,-47.8%,"4,226","$7,562","$274,901,448",9,false
May 15,Sunday,1,"$21,064,772",-34.1%,-50.4%,"4,226","$4,984","$295,966,220",10,false
May 16,Monday,1,"$4,751,083",-77.4%,-64.3%,"4,226","$1,124","$300,717,303",11,false
May 17,Tuesday,1,"$5,928,602",+24.8%,-56.9%,"4,226","$1,402","$306,645,905",12,false
May 18,Wednesday,1,"$3,899,984",-34.2%,-56.6%,"4,226",$922,"$310,545,889",13,false
May 19,Thursday,1,"$3,730,264",-4.4%,-54.3%,"4,226",$882,"$314,276,153",14,false
May 20,Friday,3,"$8,612,395",+130.9%,-56.1%,"4,226","$2,037","$322,888,548",15,false
May 21,Saturday,2,"$14,623,025",+69.8%,-54.2%,"4,226","$3,460","$337,511,573",16,false
May 22,Sunday,2,"$9,704,319",-33.6%,-53.9%,"4,226","$2,296","$347,215,892",17,false
May 23,Monday,1,"$3,020,789",-68.9%,-36.4%,"4,226",$714,"$350,236,681",18,false
May 24,Tuesday,1,"$2,889,710",-4.3%,-51.3%,"4,226",$683,"$353,126,391",19,false
May 25,Wednesday,1,"$2,272,708",-21.4%,-41.7%,"4,226",$537,"$355,399,099",20,false
May 26,Thursday,1,"$2,076,849",-8.6%,-44.3%,"4,226",$491,"$357,475,948",21,false
May 27,Friday,4,"$4,046,772",+94.9%,-53%,"3,395","$1,191","$361,522,720",22,false
May 28,Saturday,4,"$5,793,941",+43.2%,-60.4%,"3,395","$1,706","$367,316,661",23,false
May 29,Sunday,4,"$5,555,011",-4.1%,-42.8%,"3,395","$1,636","$372,871,672",24,false
May 30Memorial Day,Monday,4,"$4,608,785",-17%,+52.6%,"3,395","$1,357","$377,480,457",25,false
May 31,Tuesday,4,"$1,548,605",-66.4%,-46.4%,"3,395",$456,"$379,029,062",26,false
Jun 1,Wednesday,4,"$1,201,806",-22.4%,-47.1%,"3,395",$353,"$380,230,868",27,false
Jun 2,Thursday,4,"$1,118,289",-6.9%,-46.2%,"3,395",$329,"$381,349,157",28,false
Jun 3,Friday,6,"$2,096,013",+87.4%,-48.2%,"3,084",$679,"$383,445,170",29,false
Jun 4,Saturday,6,"$3,311,126",+58%,-42.9%,"3,084","$1,073","$386,756,296",30,false
Jun 5,Sunday,6,"$2,422,340",-26.8%,-56.4%,"3,084",$785,"$389,178,636",31,false
Jun 6,Monday,6,"$837,255",-65.4%,-81.8%,"3,084",$271,"$390,015,891",32,false
Jun 7,Tuesday,6,"$995,368",+18.9%,-35.7%,"3,084",$322,"$391,011,259",33,false
Jun 8,Wednesday,6,"$772,948",-22.3%,-35.7%,"3,084",$250,"$391,784,207",34,false
Jun 9,Thursday,6,"$772,941",<0.1%,-30.9%,"3,084",$250,"$392,557,148",35,false
Jun 10,Friday,9,"$1,169,004",+51.2%,-44.2%,"2,101",$556,"$393,726,152",36,false
Jun 11,Saturday,9,"$1,884,866",+61.2%,-43.1%,"2,101",$897,"$395,611,018",37,false
Jun 12,Sunday,9,"$1,260,472",-33.1%,-48%,"2,101",$599,"$396,871,490",38,false
Jun 13,Monday,9,"$484,771",-61.5%,-42.1%,"2,101",$230,"$397,356,261",39,false
Jun 14,Tuesday,9,"$636,173",+31.2%,-36.1%,"2,101",$302,"$397,992,434",40,false
Jun 15,Wednesday,9,"$548,482",-13.8%,-29%,"2,101",$261,"$398,540,916",41,false
Jun 16,Thursday,9,"$440,053",-19.8%,-43.1%,"2,101",$209,"$398,980,969",42,false
Jun 17,Friday,10,"$582,077",+32.3%,-50.2%,"1,434",$405,"$399,563,046",43,false
Jun 18,Saturday,10,"$855,756",+47%,-54.6%,"1,434",$596,"$400,418,802",44,false
Jun 19,Sunday,9,"$893,789",+4.4%,-29.1%,"1,434",$623,"$401,312,591",45,false
Jun 20,Monday,10,"$302,031",-66.2%,-37.7%,"1,434",$210,"$401,614,622",46,false
Jun 21,Tuesday,11,"$329,956",+9.2%,-48.1%,"1,434",$230,"$401,944,578",47,false
Jun 22,Wednesday,11,"$281,124",-14.8%,-48.7%,"1,434",$196,"$402,225,702",48,false
Jun 23,Thursday,11,"$263,028",-6.4%,-40.2%,"1,434",$183,"$402,488,730",49,false
Jun 24,Friday,14,"$425,282",+61.7%,-26.9%,753,$564,"$402,914,012",50,false
Jun 25,Saturday,13,"$588,276",+38.3%,-31.3%,753,$781,"$403,502,288",51,false
Jun 26,Sunday,12,"$355,000",-39.7%,-60.3%,753,$471,"$403,857,288",52,false
Jun 27,Monday,13,"$183,666",-48.3%,-39.2%,753,$243,"$404,040,954",53,false
Jun 28,Tuesday,13,"$229,335",+24.9%,-30.5%,753,$304,"$404,270,289",54,false
Jun 29,Wednesday,13,"$217,363",-5.2%,-22.7%,753,$288,"$404,487,652",55,false
Jun 30,Thursday,14,"$160,736",-26.1%,-38.9%,753,$213,"$404,648,388",56,false
Jul 1,Friday,16,"$215,671",+34.2%,-49.3%,367,$587,"$404,864,059",57,false
Jul 2,Saturday,14,"$307,133",+42.4%,-47.8%,367,$836,"$405,171,192",58,false
Jul 3,Sunday,15,"$247,775",-19.3%,-30.2%,367,$675,"$405,418,967",59,false
Jul 4Independence Day,Monday,16,"$180,650",-27.1%,-1.6%,367,$492,"$405,599,617",60,false
Jul 5,Tuesday,15,"$131,064",-27.4%,-42.9%,367,$357,"$405,730,681",61,false
Jul 6,Wednesday,16,"$115,631",-11.8%,-46.8%,367,$315,"$405,846,312",62,false
Jul 7,Thursday,18,"$86,852",-24.9%,-46%,367,$236,"$405,933,164",63,false
Jul 8,Friday,22,"$83,589",-3.8%,-61.2%,238,$351,"$406,016,753",64,false
Jul 9,Saturday,22,"$125,342",+50%,-59.2%,238,$526,"$406,142,095",65,false
Jul 10,Sunday,21,"$84,286",-32.8%,-66%,238,$354,"$406,226,381",66,false
Jul 11,Monday,22,"$40,987",-51.4%,-77.3%,238,$172,"$406,267,368",67,false
Jul 12,Tuesday,21,"$45,003",+9.8%,-65.7%,238,$189,"$406,312,371",68,false
Jul 13,Wednesday,23,"$40,041",-11%,-65.4%,238,$168,"$406,352,412",69,false
Jul 14,Thursday,21,"$41,782",+4.3%,-51.9%,238,$175,"$406,394,194",70,false
Jul 15,Friday,27,"$51,682",+23.7%,-38.2%,184,$280,"$406,445,876",71,false
Jul 16,Saturday,27,"$73,531",+42.3%,-41.3%,184,$399,"$406,519,407",72,false
Jul 17,Sunday,26,"$54,276",-26.2%,-35.6%,184,$294,"$406,573,683",73,false
Jul 18,Monday,25,"$28,135",-48.2%,-31.4%,184,$152,"$406,601,818",74,false
Jul 19,Tuesday,26,"$30,311",+7.7%,-32.6%,184,$164,"$406,632,129",75,false
Jul 20,Wednesday,25,"$28,503",-6%,-28.8%,184,$154,"$406,660,632",76,false
Jul 21,Thursday,27,"$25,713",-9.8%,-38.5%,184,$139,"$406,686,345",77,false
Jul 22,Friday,30,"$30,426",+18.3%,-41.1%,116,$262,"$406,716,771",78,false
Jul 23,Saturday,31,"$42,236",+38.8%,-42.6%,116,$364,"$406,759,007",79,false
Jul 24,Sunday,30,"$31,021",-26.6%,-42.8%,116,$267,"$406,790,028",80,false
Jul 25,Monday,26,"$18,022",-41.9%,-35.9%,116,$155,"$406,808,050",81,false
Jul 26,Tuesday,31,"$14,819",-17.8%,-51.1%,116,$127,"$406,822,869",82,false
Jul 27,Wednesday,26,"$18,186",+22.7%,-36.2%,116,$156,"$406,841,055",83,false
Jul 28,Thursday,25,"$24,168",+32.9%,-6%,116,$208,"$406,865,223",84,false
Jul 29,Friday,33,"$22,983",-4.9%,-24.5%,85,$270,"$406,888,206",85,false
Jul 30,Saturday,31,"$28,018",+21.9%,-33.7%,85,$329,"$406,916,224",86,false
Jul 31,Sunday,32,"$22,608",-19.3%,-27.1%,85,$265,"$406,938,832",87,false
Aug 1,Monday,31,"$13,157",-41.8%,-27%,85,$154,"$406,951,989",88,false
Aug 2,Tuesday,31,"$13,013",-1.1%,-12.2%,85,$153,"$406,965,002",89,false
Aug 3,Wednesday,30,"$14,568",+11.9%,-19.9%,85,$171,"$406,979,570",90,false
Aug 4,Thursday,33,"$10,526",-27.7%,-56.4%,85,$123,"$406,990,096",91,false
Aug 5Rio Olympics,Friday,24,"$57,308",+444.4%,+149.3%,174,$329,"$407,047,404",92,false
Aug 6Rio Olympics,Saturday,23,"$83,853",+46.3%,+199.3%,174,$481,"$407,131,257",93,false
Aug 7Rio Olympics,Sunday,23,"$66,025",-21.3%,+192%,174,$379,"$407,197,282",94,false
Aug 8Rio Olympics,Monday,23,"$31,668",-52%,+140.7%,174,$182,"$407,228,950",95,false
Aug 9Rio Olympics,Tuesday,23,"$35,795",+13%,+175.1%,174,$205,"$407,264,745",96,false
Aug 10Rio Olympics,Wednesday,23,"$34,535",-3.5%,+137.1%,174,$198,"$407,299,280",97,false
Aug 11Rio Olympics,Thursday,23,"$29,503",-14.6%,+180.3%,174,$169,"$407,328,783",98,false
Aug 12Rio Olympics,Friday,27,"$52,167",+76.8%,-9%,162,$322,"$407,380,950",99,false
Aug 13Rio Olympics,Saturday,27,"$73,940",+41.7%,-11.8%,162,$456,"$407,454,890",100,false
Aug 14Rio Olympics,Sunday,27,"$56,169",-24%,-14.9%,162,$346,"$407,511,059",101,false
Aug 15Rio Olympics,Monday,26,"$24,358",-56.6%,-23.1%,162,$150,"$407,535,417",102,false
Aug 16Rio Olympics,Tuesday,26,"$29,764",+22.2%,-16.8%,162,$183,"$407,565,181",103,false
Aug 17Rio Olympics,Wednesday,27,"$23,724",-20.3%,-31.3%,162,$146,"$407,588,905",104,false
Aug 18Rio Olympics,Thursday,26,"$28,060",+18.3%,-4.9%,162,$173,"$407,616,965",105,false
Aug 19Rio Olympics,Friday,34,"$25,724",-8.3%,-50.7%,117,$219,"$407,642,689",106,false
Aug 20Rio Olympics,Saturday,34,"$41,953",+63.1%,-43.3%,117,$358,"$407,684,642",107,false
Aug 21Rio Olympics,Sunday,33,"$26,658",-36.5%,-52.5%,117,$227,"$407,711,300",108,false
Aug 22,Monday,34,"$9,182",-65.6%,-62.3%,117,$78,"$407,720,482",109,false
Aug 23,Tuesday,35,"$9,228",+0.5%,-69%,117,$78,"$407,729,710",110,false
Aug 24,Wednesday,34,"$8,727",-5.4%,-63.2%,117,$74,"$407,738,437",111,false
Aug 25,Thursday,34,"$8,727",-,-68.9%,117,$74,"$407,747,164",112,false
Aug 26,Friday,35,"$22,948",+163%,-10.8%,93,$246,"$407,770,112",113,false
Aug 27,Saturday,35,"$36,726",+60%,-12.5%,93,$394,"$407,806,838",114,false
Aug 28,Sunday,35,"$24,284",-33.9%,-8.9%,93,$261,"$407,831,122",115,false
Aug 29,Monday,36,"$9,292",-61.7%,+1.2%,93,$99,"$407,840,414",116,false
Aug 30,Tuesday,37,"$9,544",+2.7%,+3.4%,93,$102,"$407,849,958",117,false
Aug 31,Wednesday,36,"$7,938",-16.8%,-9%,93,$85,"$407,857,896",118,false
Sep 1,Thursday,35,"$11,038",+39.1%,+26.5%,93,$118,"$407,868,934",119,false
Sep 2,Friday,37,"$27,318",+147.5%,+19%,81,$337,"$407,896,252",120,false
Sep 3,Saturday,37,"$47,504",+73.9%,+29.3%,81,$586,"$407,943,756",121,false
Sep 4,Sunday,35,"$52,640",+10.8%,+116.8%,81,$649,"$407,996,396",122,false
Sep 5Labor Day,Monday,39,"$28,168",-46.5%,+203.1%,81,$347,"$408,024,564",123,false
Sep 6,Tuesday,43,"$3,793",-86.5%,-60.3%,81,$46,"$408,028,357",124,false
Sep 7,Wednesday,42,"$3,041",-19.8%,-61.7%,81,$37,"$408,031,398",125,false
Sep 8,Thursday,43,"$3,745",+23.2%,-66.1%,81,$46,"$408,035,143",126,false
Sep 9,Friday,44,"$6,543",+74.7%,-76%,54,$121,"$408,041,686",127,false
Sep 10,Saturday,42,"$11,791",+80.2%,-75.2%,54,$218,"$408,053,477",128,false
Sep 11,Sunday,44,"$6,606",-44%,-87.5%,54,$122,"$408,060,083",129,false
Sep 12,Monday,47,"$1,706",-74.2%,-93.9%,54,$31,"$408,061,789",130,false
Sep 13,Tuesday,49,"$2,107",+23.5%,-44.5%,54,$39,"$408,063,896",131,false
Sep 14,Wednesday,49,"$1,741",-17.4%,-42.7%,54,$32,"$408,065,637",132,false
Sep 15,Thursday,48,"$1,886",+8.3%,-49.6%,54,$34,"$408,067,523",133,false
Sep 16,Friday,54,"$3,119",+65.4%,-52.3%,34,$91,"$408,070,642",134,false
Sep 17,Saturday,50,"$6,142",+96.9%,-47.9%,34,$180,"$408,076,784",135,false
Sep 18,Sunday,53,"$3,770",-38.6%,-42.9%,34,$110,"$408,080,554",136,false
Sep 19,Monday,57,$787,-79.1%,-53.9%,34,$23,"$408,081,341",137,false
Sep 20,Tuesday,59,"$1,057",+34.3%,-49.8%,34,$31,"$408,082,398",138,false
Sep 21,Wednesday,56,$958,-9.4%,-45%,34,$28,"$408,083,356",139,false
Sep 22,Thursday,57,$993,+3.7%,-47.3%,34,$29,"$408,084,349",140,false
