Date,DOW,Rank,Daily,%± YD,%± LW,Theaters,Avg,To Date,Day,Estimated
Mar 8,Friday,1,"$61,715,051",-,-,"4,310","$14,319","$61,715,051",1,false
Mar 9,Saturday,1,"$52,872,536",-14.3%,-,"4,310","$12,267","$114,587,587",2,false
Mar 10,Sunday,1,"$38,845,836",-26.5%,-,"4,310","$9,012","$153,433,423",3,false
Mar 11,Monday,1,"$10,986,773",-71.7%,-,"4,310","$2,549","$164,420,196",4,false
Mar 12,Tuesday,1,"$14,641,119",+33.3%,-,"4,310","$3,397","$179,061,315",5,false
Mar 13,Wednesday,1,"$8,586,183",-41.4%,-,"4,310","$1,992","$187,647,498",6,false
Mar 14,Thursday,1,"$9,248,435",+7.7%,-,"4,310","$2,145","$196,895,933",7,false
Mar 15,Friday,1,"$19,036,521",+105.8%,-69.2%,"4,310","$4,416","$215,932,454",8,false
Mar 16,Saturday,1,"$29,418,618",+54.5%,-44.4%,"4,310","$6,825","$245,351,072",9,false
Mar 17,Sunday,1,"$19,532,991",-33.6%,-49.7%,"4,310","$4,532","$264,884,063",10,false
Mar 18,Monday,1,"$5,195,836",-73.4%,-52.7%,"4,310","$1,205","$270,079,899",11,false
Mar 19,Tuesday,1,"$7,603,865",+46.3%,-48.1%,"4,310","$1,764","$277,683,764",12,false
Mar 20,Wednesday,1,"$4,567,773",-39.9%,-46.8%,"4,310","$1,059","$282,251,537",13,false
Mar 21,Thursday,1,"$4,226,298",-7.5%,-54.3%,"4,310",$980,"$286,477,835",14,false
Mar 22,Friday,2,"$9,120,858",+115.8%,-52.1%,"4,278","$2,132","$295,598,693",15,false
Mar 23,Saturday,2,"$15,125,497",+65.8%,-48.6%,"4,278","$3,535","$310,724,190",16,false
Mar 24,Sunday,2,"$10,025,438",-33.7%,-48.7%,"4,278","$2,343","$320,749,628",17,false
Mar 25,Monday,2,"$2,896,405",-71.1%,-44.3%,"4,278",$677,"$323,646,033",18,false
Mar 26,Tuesday,2,"$4,331,261",+49.5%,-43%,"4,278","$1,012","$327,977,294",19,false
Mar 27,Wednesday,2,"$2,809,109",-35.1%,-38.5%,"4,278",$656,"$330,786,403",20,false
Mar 28,Thursday,2,"$2,519,412",-10.3%,-40.4%,"4,278",$588,"$333,305,815",21,false
Mar 29,Friday,3,"$5,499,784",+118.3%,-39.7%,"3,985","$1,380","$338,805,599",22,false
Mar 30,Saturday,3,"$9,089,329",+65.3%,-39.9%,"3,985","$2,280","$347,894,928",23,false
Mar 31,Sunday,3,"$6,075,151",-33.2%,-39.4%,"3,985","$1,524","$353,970,079",24,false
Apr 1,Monday,3,"$1,658,844",-72.7%,-42.7%,"3,985",$416,"$355,628,923",25,false
Apr 2,Tuesday,3,"$2,522,851",+52.1%,-41.8%,"3,985",$633,"$358,151,774",26,false
Apr 3,Wednesday,3,"$1,719,827",-31.8%,-38.8%,"3,985",$431,"$359,871,601",27,false
Apr 4,Thursday,3,"$1,579,962",-8.1%,-37.3%,"3,985",$396,"$361,451,563",28,false
Apr 5,Friday,5,"$3,447,080",+118.2%,-37.3%,"3,573",$964,"$364,898,643",29,false
Apr 6,Saturday,5,"$5,360,651",+55.5%,-41%,"3,573","$1,500","$370,259,294",30,false
Apr 7,Sunday,4,"$3,624,072",-32.4%,-40.3%,"3,573","$1,014","$373,883,366",31,false
Apr 8,Monday,5,"$865,424",-76.1%,-47.8%,"3,573",$242,"$374,748,790",32,false
Apr 9,Tuesday,5,"$1,382,319",+59.7%,-45.2%,"3,573",$386,"$376,131,109",33,false
Apr 10,Wednesday,5,"$896,187",-35.2%,-47.9%,"3,573",$250,"$377,027,296",34,false
Apr 11,Thursday,3,"$886,285",-1.1%,-43.9%,"3,573",$248,"$377,913,581",35,false
Apr 12,Friday,7,"$2,214,236",+149.8%,-35.8%,"2,975",$744,"$380,127,817",36,false
Apr 13,Saturday,6,"$3,865,716",+74.6%,-27.9%,"2,975","$1,299","$383,993,533",37,false
Apr 14,Sunday,5,"$2,531,575",-34.5%,-30.1%,"2,975",$850,"$386,525,108",38,false
Apr 15,Monday,5,"$884,741",-65.1%,+2.2%,"2,975",$297,"$387,409,849",39,false
Apr 16,Tuesday,5,"$1,297,834",+46.7%,-6.1%,"2,653",$489,"$388,707,683",40,false
Apr 17,Wednesday,4,"$940,412",-27.5%,+4.9%,"2,653",$354,"$389,648,095",41,false
Apr 18,Thursday,3,"$1,278,038",+35.9%,+44.2%,"2,653",$481,"$390,926,133",42,false
Apr 19,Friday,4,"$3,185,900",+149.3%,+43.9%,"2,653","$1,200","$394,112,033",43,false
Apr 20,Saturday,4,"$3,650,729",+14.6%,-5.6%,"2,653","$1,376","$397,762,762",44,false
Apr 21Easter Sunday,Sunday,4,"$2,268,981",-37.8%,-10.4%,"2,653",$855,"$400,031,743",45,false
Apr 22,Monday,4,"$1,349,021",-40.5%,+52.5%,"2,653",$508,"$401,380,764",46,false
Apr 23,Tuesday,4,"$1,477,687",+9.5%,+13.9%,"2,653",$556,"$402,858,451",47,false
Apr 24,Wednesday,2,"$1,402,687",-5.1%,+49.2%,"2,653",$528,"$404,261,138",48,false
Apr 25,Thursday,1,"$1,267,909",-9.6%,-0.8%,"2,653",$477,"$405,529,047",49,false
Apr 26,Friday,2,"$2,569,646",+102.7%,-19.3%,"2,435","$1,055","$408,098,693",50,false
Apr 27,Saturday,2,"$3,544,694",+37.9%,-2.9%,"2,435","$1,455","$411,643,387",51,false
Apr 28,Sunday,3,"$2,198,411",-38%,-3.1%,"2,435",$902,"$413,841,798",52,false
Apr 29,Monday,2,"$696,976",-68.3%,-48.3%,"2,435",$286,"$414,538,774",53,false
Apr 30,Tuesday,4,"$829,625",+19%,-43.9%,"2,435",$340,"$415,368,399",54,false
May 1,Wednesday,3,"$587,159",-29.2%,-58.1%,"2,435",$241,"$415,955,558",55,false
May 2,Thursday,2,"$536,460",-8.6%,-57.7%,"2,435",$220,"$416,492,018",56,false
May 3,Friday,5,"$1,259,315",+134.7%,-51%,"2,243",$561,"$417,751,333",57,false
May 4,Saturday,5,"$1,980,908",+57.3%,-44.1%,"2,243",$883,"$419,732,241",58,false
May 5,Sunday,7,"$1,042,021",-47.4%,-52.6%,"2,243",$464,"$420,774,262",59,false
May 6,Monday,7,"$283,419",-72.8%,-59.3%,"2,243",$126,"$421,057,681",60,false
May 7,Tuesday,8,"$394,134",+39.1%,-52.5%,"2,243",$175,"$421,451,815",61,false
May 8,Wednesday,7,"$276,734",-29.8%,-52.9%,"2,243",$123,"$421,728,549",62,false
May 9,Thursday,7,"$235,530",-14.9%,-56.1%,"2,243",$105,"$421,964,079",63,false
May 10,Friday,11,"$485,636",+106.2%,-61.4%,"1,504",$322,"$422,449,715",64,false
May 11,Saturday,9,"$803,493",+65.5%,-59.4%,"1,504",$534,"$423,253,208",65,false
May 12,Sunday,11,"$557,267",-30.6%,-46.5%,"1,504",$370,"$423,810,475",66,false
May 13,Monday,12,"$152,346",-72.7%,-46.2%,"1,504",$101,"$423,962,821",67,false
May 14,Tuesday,11,"$195,088",+28.1%,-50.5%,"1,504",$129,"$424,157,909",68,false
May 15,Wednesday,11,"$143,193",-26.6%,-48.3%,"1,504",$95,"$424,301,102",69,false
May 16,Thursday,11,"$115,417",-19.4%,-51%,"1,504",$76,"$424,416,519",70,false
May 17,Friday,14,"$194,708",+68.7%,-59.9%,726,$268,"$424,611,227",71,false
May 18,Saturday,13,"$337,241",+73.2%,-58%,726,$464,"$424,948,468",72,false
May 19,Sunday,16,"$204,049",-39.5%,-63.4%,726,$281,"$425,152,517",73,false
May 20,Monday,15,"$77,928",-61.8%,-48.8%,726,$107,"$425,230,445",74,false
May 21,Tuesday,16,"$75,258",-3.4%,-61.4%,726,$103,"$425,305,703",75,false
May 22,Wednesday,15,"$64,358",-14.5%,-55.1%,726,$88,"$425,370,061",76,false
May 23,Thursday,15,"$52,291",-18.7%,-54.7%,726,$72,"$425,422,352",77,false
May 24,Friday,17,"$111,805",+113.8%,-42.6%,300,$372,"$425,534,157",78,false
May 25,Saturday,17,"$155,805",+39.4%,-53.8%,300,$519,"$425,689,962",79,false
May 26,Sunday,17,"$140,669",-9.7%,-31.1%,300,$468,"$425,830,631",80,false
May 27Memorial Day,Monday,19,"$86,448",-38.5%,+10.9%,300,$288,"$425,917,079",81,false
May 28,Tuesday,18,"$34,748",-59.8%,-53.8%,300,$115,"$425,951,827",82,false
May 29,Wednesday,18,"$28,717",-17.4%,-55.4%,300,$95,"$425,980,544",83,false
May 30,Thursday,17,"$30,889",+7.6%,-40.9%,300,$102,"$426,011,433",84,false
May 31,Friday,17,"$62,905",+103.6%,-43.7%,162,$388,"$426,074,338",85,false
Jun 1,Saturday,17,"$90,376",+43.7%,-42%,162,$557,"$426,164,714",86,false
Jun 2,Sunday,23,"$35,585",-60.6%,-74.7%,162,$219,"$426,200,299",87,false
Jun 3,Monday,22,"$17,518",-50.8%,-79.7%,162,$108,"$426,217,817",88,false
Jun 4,Tuesday,20,"$21,185",+20.9%,-39%,162,$130,"$426,239,002",89,false
Jun 5,Wednesday,21,"$19,436",-8.3%,-32.3%,162,$119,"$426,258,438",90,false
Jun 6,Thursday,23,"$15,617",-19.6%,-49.4%,162,$96,"$426,274,055",91,false
Jun 7,Friday,23,"$44,487",+184.9%,-29.3%,175,$254,"$426,318,542",92,false
Jun 8,Saturday,22,"$69,695",+56.7%,-22.9%,175,$398,"$426,388,237",93,false
Jun 9,Sunday,20,"$50,291",-27.8%,+41.3%,175,$287,"$426,438,528",94,false
Jun 10,Monday,20,"$20,443",-59.4%,+16.7%,175,$116,"$426,458,971",95,false
Jun 11,Tuesday,22,"$25,676",+25.6%,+21.2%,175,$146,"$426,484,647",96,false
Jun 12,Wednesday,21,"$20,887",-18.7%,+7.5%,175,$119,"$426,505,534",97,false
Jun 13,Thursday,21,"$20,418",-2.2%,+30.7%,175,$116,"$426,525,952",98,false
Jun 14,Friday,27,"$27,954",+36.9%,-37.2%,161,$173,"$426,553,906",99,false
Jun 15,Saturday,25,"$43,586",+55.9%,-37.5%,161,$270,"$426,597,492",100,false
Jun 16,Sunday,24,"$38,507",-11.7%,-23.4%,161,$239,"$426,635,999",101,false
Jun 17,Monday,26,"$12,317",-68%,-39.7%,161,$76,"$426,648,316",102,false
Jun 18,Tuesday,27,"$13,848",+12.4%,-46.1%,161,$86,"$426,662,164",103,false
Jun 19,Wednesday,27,"$12,739",-8%,-39%,161,$79,"$426,674,903",104,false
Jun 20,Thursday,27,"$14,627",+14.8%,-28.4%,161,$90,"$426,689,530",105,false
Jun 21,Friday,28,"$18,019",+23.2%,-35.5%,145,$124,"$426,707,549",106,false
Jun 22,Saturday,28,"$25,008",+38.8%,-42.6%,145,$172,"$426,732,557",107,false
Jun 23,Sunday,29,"$18,047",-27.8%,-53.1%,145,$124,"$426,750,604",108,false
Jun 24,Monday,29,"$7,861",-56.4%,-36.2%,145,$54,"$426,758,465",109,false
Jun 25,Tuesday,31,"$10,135",+28.9%,-26.8%,145,$69,"$426,768,600",110,false
Jun 26,Wednesday,30,"$8,078",-20.3%,-36.6%,145,$55,"$426,776,678",111,false
Jun 27,Thursday,30,"$9,149",+13.3%,-37.5%,145,$63,"$426,785,827",112,false
Jun 28,Friday,33,"$6,979",-23.7%,-61.3%,84,$83,"$426,792,806",113,false
Jun 29,Saturday,34,"$9,825",+40.8%,-60.7%,84,$116,"$426,802,631",114,false
Jun 30,Sunday,34,"$8,012",-18.5%,-55.6%,84,$95,"$426,810,643",115,false
Jul 1,Monday,31,"$5,274",-34.2%,-32.9%,84,$62,"$426,815,917",116,false
Jul 2,Tuesday,35,"$5,043",-4.4%,-50.2%,84,$60,"$426,820,960",117,false
Jul 3,Wednesday,37,"$4,076",-19.2%,-49.5%,84,$48,"$426,825,036",118,false
Jul 4Independence Day,Thursday,38,"$4,803",+17.8%,-47.5%,84,$57,"$426,829,839",119,false
