Date,DOW,Rank,Daily,%± YD,%± LW,Theaters,Avg,To Date,Day,Estimated
May 6,Friday,1,"$90,720,784",-,-,"4,534","$20,008","$90,720,784",1,false
May 7,Saturday,1,"$57,806,850",-36.3%,-,"4,534","$12,749","$148,527,634",2,false
May 8,Sunday,1,"$38,893,364",-32.7%,-,"4,534","$8,578","$187,420,998",3,false
May 9,Monday,1,"$13,620,560",-65%,-,"4,534","$3,004","$201,041,558",4,false
May 10,Tuesday,1,"$12,606,682",-7.4%,-,"4,534","$2,780","$213,648,240",5,false
May 11,Wednesday,1,"$9,102,016",-27.8%,-,"4,534","$2,007","$222,750,256",6,false
May 12,Thursday,1,"$8,109,267",-10.9%,-,"4,534","$1,788","$230,859,523",7,false
May 13,Friday,1,"$17,133,926",+111.3%,-81.1%,"4,534","$3,778","$247,993,449",8,false
May 14,Saturday,1,"$26,452,876",+54.4%,-54.2%,"4,534","$5,834","$274,446,325",9,false
May 15,Sunday,1,"$18,169,002",-31.3%,-53.3%,"4,534","$4,007","$292,615,327",10,false
May 16,Monday,1,"$4,812,753",-73.5%,-64.7%,"4,534","$1,061","$297,428,080",11,false
May 17,Tuesday,1,"$5,283,222",+9.8%,-58.1%,"4,534","$1,165","$302,711,302",12,false
May 18,Wednesday,1,"$3,910,188",-26%,-57%,"4,534",$862,"$306,621,490",13,false
May 19,Thursday,1,"$3,858,995",-1.3%,-52.4%,"4,534",$851,"$310,480,485",14,false
May 20,Friday,1,"$8,568,406",+122%,-50%,"4,534","$1,889","$319,048,891",15,false
May 21,Saturday,1,"$13,801,107",+61.1%,-47.8%,"4,534","$3,043","$332,849,998",16,false
May 22,Sunday,1,"$9,935,047",-28%,-45.3%,"4,534","$2,191","$342,785,045",17,false
May 23,Monday,1,"$3,326,033",-66.5%,-30.9%,"4,534",$733,"$346,111,078",18,false
May 24,Tuesday,1,"$3,093,792",-7%,-41.4%,"4,534",$682,"$349,204,870",19,false
May 25,Wednesday,1,"$2,787,470",-9.9%,-28.7%,"4,534",$614,"$351,992,340",20,false
May 26,Thursday,1,"$2,381,639",-14.6%,-38.3%,"4,534",$525,"$354,373,979",21,false
May 27,Friday,3,"$4,500,294",+89%,-47.5%,"3,805","$1,182","$358,874,273",22,false
May 28,Saturday,2,"$6,199,441",+37.8%,-55.1%,"3,805","$1,629","$365,073,714",23,false
May 29,Sunday,2,"$5,369,623",-13.4%,-46%,"3,805","$1,411","$370,443,337",24,false
May 30Memorial Day,Monday,2,"$4,274,408",-20.4%,+28.5%,"3,805","$1,123","$374,717,745",25,false
May 31,Tuesday,2,"$1,810,730",-57.6%,-41.5%,"3,805",$475,"$376,528,475",26,false
Jun 1,Wednesday,2,"$1,521,876",-16%,-45.4%,"3,805",$399,"$378,050,351",27,false
Jun 2,Thursday,2,"$1,409,765",-7.4%,-40.8%,"3,805",$370,"$379,460,116",28,false
Jun 3,Friday,2,"$2,624,250",+86.1%,-41.7%,"3,765",$697,"$382,084,366",29,false
Jun 4,Saturday,2,"$3,853,121",+46.8%,-37.8%,"3,765","$1,023","$385,937,487",30,false
Jun 5,Sunday,2,"$2,695,805",-30%,-49.8%,"3,765",$716,"$388,633,292",31,false
Jun 6,Monday,2,"$1,103,439",-59.1%,-74.2%,"3,765",$293,"$389,736,731",32,false
Jun 7,Tuesday,2,"$1,279,933",+16%,-29.3%,"3,765",$339,"$391,016,664",33,false
Jun 8,Wednesday,2,"$1,030,047",-19.5%,-32.3%,"3,765",$273,"$392,046,711",34,false
Jun 9,Thursday,2,"$876,147",-14.9%,-37.9%,"3,765",$232,"$392,922,858",35,false
Jun 10,Friday,3,"$1,427,205",+62.9%,-45.6%,"3,345",$426,"$394,350,063",36,false
Jun 11,Saturday,3,"$2,095,885",+46.9%,-45.6%,"3,345",$626,"$396,445,948",37,false
Jun 12,Sunday,3,"$1,691,975",-19.3%,-37.2%,"3,345",$505,"$398,137,923",38,false
Jun 13,Monday,3,"$626,271",-63%,-43.2%,"3,345",$187,"$398,764,194",39,false
Jun 14,Tuesday,3,"$834,845",+33.3%,-34.8%,"3,345",$249,"$399,599,039",40,false
Jun 15,Wednesday,3,"$666,630",-20.1%,-35.3%,"3,345",$199,"$400,265,669",41,false
Jun 16,Thursday,3,"$617,991",-7.3%,-29.5%,"3,345",$184,"$400,883,660",42,false
Jun 17,Friday,4,"$1,191,729",+92.8%,-16.5%,"2,465",$483,"$402,075,389",43,false
Jun 18,Saturday,4,"$1,655,222",+38.9%,-21%,"2,465",$671,"$403,730,611",44,false
Jun 19,Sunday,4,"$1,602,729",-3.2%,-5.3%,"2,465",$650,"$405,333,340",45,false
Jun 20,Monday,4,"$720,988",-55%,+15.1%,"2,465",$292,"$406,054,328",46,false
Jun 21,Tuesday,4,"$573,462",-20.5%,-31.3%,"2,465",$232,"$406,627,790",47,false
Jun 22,Wednesday,4,"$463,424",-19.2%,-30.5%,"2,465",$188,"$407,091,214",48,false
Jun 23,Thursday,4,"$375,860",-18.9%,-39.2%,"2,465",$152,"$407,467,074",49,false
Jun 24,Friday,6,"$565,150",+50.4%,-52.6%,"1,855",$304,"$408,032,224",50,false
Jun 25,Saturday,6,"$744,113",+31.7%,-55%,"1,855",$401,"$408,776,337",51,false
Jun 26,Sunday,6,"$471,330",-36.7%,-70.6%,"1,855",$254,"$409,247,667",52,false
Jun 27,Monday,6,"$244,103",-48.2%,-66.1%,"1,855",$131,"$409,491,770",53,false
Jun 28,Tuesday,6,"$251,419",+3%,-56.2%,"1,855",$135,"$409,743,189",54,false
Jun 29,Wednesday,6,"$222,382",-11.5%,-52%,"1,855",$119,"$409,965,571",55,false
Jun 30,Thursday,6,"$185,778",-16.5%,-50.6%,"1,855",$100,"$410,151,349",56,false
Jul 1,Friday,9,"$123,063",-33.8%,-78.2%,590,$208,"$410,274,412",57,false
Jul 2,Saturday,9,"$156,279",+27%,-79%,590,$264,"$410,430,691",58,false
Jul 3,Sunday,9,"$133,410",-14.6%,-71.7%,590,$226,"$410,564,101",59,false
Jul 4Independence Day,Monday,9,"$72,183",-45.9%,-70.4%,590,$122,"$410,636,284",60,false
Jul 5,Tuesday,9,"$70,615",-2.2%,-71.9%,590,$119,"$410,706,899",61,false
Jul 6,Wednesday,9,"$56,960",-19.3%,-74.4%,590,$96,"$410,763,859",62,false
Jul 7,Thursday,9,"$36,582",-35.8%,-80.3%,590,$62,"$410,800,441",63,false
Jul 8,Friday,9,"$88,916",+143.1%,-27.7%,140,$635,"$410,889,357",64,false
Jul 9,Saturday,9,"$111,927",+25.9%,-28.4%,140,$799,"$411,001,284",65,false
Jul 10,Sunday,12,"$44,698",-60.1%,-66.5%,140,$319,"$411,045,982",66,false
Jul 11,Monday,12,"$19,745",-55.8%,-72.6%,140,$141,"$411,065,727",67,false
Jul 12,Tuesday,13,"$19,772",+0.1%,-72%,140,$141,"$411,085,499",68,false
Jul 13,Wednesday,13,"$17,606",-11%,-69.1%,140,$125,"$411,103,105",69,false
Jul 14,Thursday,13,"$21,666",+23.1%,-40.8%,140,$154,"$411,124,771",70,false
Jul 15,Friday,18,"$25,211",+16.4%,-71.6%,80,$315,"$411,149,982",71,false
Jul 16,Saturday,14,"$40,638",+61.2%,-63.7%,80,$507,"$411,190,620",72,false
Jul 17,Sunday,18,"$15,991",-60.7%,-64.2%,80,$199,"$411,206,611",73,false
Jul 18,Monday,18,"$8,316",-48%,-57.9%,80,$103,"$411,214,927",74,false
Jul 19,Tuesday,18,"$9,821",+18.1%,-50.3%,80,$122,"$411,224,748",75,false
Jul 20,Wednesday,17,"$9,115",-7.2%,-48.2%,80,$113,"$411,233,863",76,false
Jul 21,Thursday,15,"$11,288",+23.8%,-47.9%,80,$141,"$411,245,151",77,false
Jul 22,Friday,16,"$10,337",-8.4%,-59%,65,$159,"$411,255,488",78,false
Jul 23,Saturday,17,"$9,160",-11.4%,-77.5%,65,$140,"$411,264,648",79,false
Jul 24,Sunday,18,"$5,576",-39.1%,-65.1%,65,$85,"$411,270,224",80,false
Jul 25,Monday,15,"$6,862",+23.1%,-17.5%,65,$105,"$411,277,086",81,false
Jul 26,Tuesday,18,"$3,714",-45.9%,-62.2%,65,$57,"$411,280,800",82,false
Jul 27,Wednesday,18,"$5,022",+35.2%,-44.9%,65,$77,"$411,285,822",83,false
Jul 28,Thursday,17,"$5,061",+0.8%,-55.2%,65,$77,"$411,290,883",84,false
Jul 29,Friday,20,"$5,825",+15.1%,-43.6%,50,$116,"$411,296,708",85,false
Jul 30,Saturday,19,"$8,140",+39.7%,-11.1%,50,$162,"$411,304,848",86,false
Jul 31,Sunday,20,"$3,723",-54.3%,-33.2%,50,$74,"$411,308,571",87,false
Aug 1,Monday,19,"$3,554",-4.5%,-48.2%,50,$71,"$411,312,125",88,false
Aug 2,Tuesday,20,"$2,490",-29.9%,-33%,50,$49,"$411,314,615",89,false
Aug 3,Wednesday,21,"$1,554",-37.6%,-69.1%,50,$31,"$411,316,169",90,false
Aug 4,Thursday,21,"$1,545",-0.6%,-69.5%,50,$30,"$411,317,714",91,false
Aug 5,Friday,23,"$3,511",+127.2%,-39.7%,45,$78,"$411,321,225",92,false
Aug 6,Saturday,24,"$3,665",+4.4%,-55%,45,$81,"$411,324,890",93,false
Aug 7,Sunday,24,"$2,371",-35.3%,-36.3%,45,$52,"$411,327,261",94,false
Aug 8,Monday,23,"$1,368",-42.3%,-61.5%,45,$30,"$411,328,629",95,false
Aug 9,Tuesday,24,$898,-34.4%,-63.9%,45,$19,"$411,329,527",96,false
Aug 10,Wednesday,25,$799,-11%,-48.6%,45,$17,"$411,330,326",97,false
Aug 11,Thursday,24,"$1,281",+60.3%,-17.1%,45,$28,"$411,331,607",98,false
