Date,DOW,Rank,Daily,%± YD,%± LW,Theaters,Avg,To Date,Day,Estimated
Jul 7,Friday,1,"$50,780,982",-,-,"4,348","$11,679","$50,780,982",1,false
Jul 8,Saturday,1,"$37,045,244",-27%,-,"4,348","$8,520","$87,826,226",2,false
Jul 9,Sunday,1,"$29,201,277",-21.2%,-,"4,348","$6,716","$117,027,503",3,false
Jul 10,Monday,1,"$12,201,383",-58.2%,-,"4,348","$2,806","$129,228,886",4,false
Jul 11,Tuesday,1,"$15,053,665",+23.4%,-,"4,348","$3,462","$144,282,551",5,false
Jul 12,Wednesday,1,"$9,902,669",-34.2%,-,"4,348","$2,277","$154,185,220",6,false
Jul 13,Thursday,1,"$8,885,094",-10.3%,-,"4,348","$2,043","$163,070,314",7,false
Jul 14,Friday,2,"$13,628,237",+53.4%,-73.2%,"4,348","$3,134","$176,698,551",8,false
Jul 15,Saturday,2,"$17,587,320",+29.1%,-52.5%,"4,348","$4,044","$194,285,871",9,false
Jul 16,Sunday,2,"$12,989,653",-26.1%,-55.5%,"4,348","$2,987","$207,275,524",10,false
Jul 17,Monday,2,"$5,455,599",-58%,-55.3%,"4,348","$1,254","$212,731,123",11,false
Jul 18,Tuesday,1,"$7,536,245",+38.1%,-49.9%,"4,348","$1,733","$220,267,368",12,false
Jul 19,Wednesday,1,"$4,967,279",-34.1%,-49.8%,"4,348","$1,142","$225,234,647",13,false
Jul 20,Thursday,1,"$4,466,934",-10.1%,-49.7%,"4,348","$1,027","$229,701,581",14,false
Jul 21,Friday,4,"$6,367,940",+42.6%,-53.3%,"4,130","$1,541","$236,069,521",15,false
Jul 22,Saturday,3,"$8,931,625",+40.3%,-49.2%,"4,130","$2,162","$245,001,146",16,false
Jul 23,Sunday,3,"$6,850,520",-23.3%,-47.3%,"4,130","$1,658","$251,851,666",17,false
Jul 24,Monday,3,"$3,361,636",-50.9%,-38.4%,"4,130",$813,"$255,213,302",18,false
Jul 25,Tuesday,3,"$4,130,653",+22.9%,-45.2%,"4,130","$1,000","$259,343,955",19,false
Jul 26,Wednesday,3,"$2,787,501",-32.5%,-43.9%,"4,130",$674,"$262,131,456",20,false
Jul 27,Thursday,3,"$2,775,349",-0.4%,-37.9%,"4,130",$671,"$264,906,805",21,false
Jul 28,Friday,5,"$3,978,954",+43.4%,-37.5%,"3,625","$1,097","$268,885,759",22,false
Jul 29,Saturday,5,"$5,475,665",+37.6%,-38.7%,"3,625","$1,510","$274,361,424",23,false
Jul 30,Sunday,5,"$3,806,753",-30.5%,-44.4%,"3,625","$1,050","$278,168,177",24,false
Jul 31,Monday,4,"$1,823,408",-52.1%,-45.8%,"3,625",$503,"$279,991,585",25,false
Aug 1,Tuesday,5,"$2,474,800",+35.7%,-40.1%,"3,625",$682,"$282,466,385",26,false
Aug 2,Wednesday,4,"$1,860,586",-24.8%,-33.3%,"3,625",$513,"$284,326,971",27,false
Aug 3,Thursday,4,"$1,780,805",-4.3%,-35.8%,"3,625",$491,"$286,107,776",28,false
Aug 4,Friday,7,"$2,591,449",+45.5%,-34.9%,"3,116",$831,"$288,699,225",29,false
Aug 5,Saturday,6,"$3,633,681",+40.2%,-33.6%,"3,116","$1,166","$292,332,906",30,false
Aug 6,Sunday,6,"$2,620,848",-27.9%,-31.2%,"3,116",$841,"$294,953,754",31,false
Aug 7,Monday,4,"$1,551,301",-40.8%,-14.9%,"3,116",$497,"$296,505,055",32,false
Aug 8,Tuesday,5,"$1,664,147",+7.3%,-32.8%,"3,116",$534,"$298,169,202",33,false
Aug 9,Wednesday,5,"$1,120,651",-32.7%,-39.8%,"3,116",$359,"$299,289,853",34,false
Aug 10,Thursday,5,"$1,063,841",-5.1%,-40.3%,"3,116",$341,"$300,353,694",35,false
Aug 11,Friday,7,"$1,726,392",+62.3%,-33.4%,"2,607",$662,"$302,080,086",36,false
Aug 12,Saturday,7,"$2,594,056",+50.3%,-28.6%,"2,607",$995,"$304,674,142",37,false
Aug 13,Sunday,6,"$1,702,189",-34.4%,-35.1%,"2,607",$652,"$306,376,331",38,false
Aug 14,Monday,6,"$804,762",-52.7%,-48.1%,"2,607",$308,"$307,181,093",39,false
Aug 15,Tuesday,6,"$1,178,004",+46.4%,-29.2%,"2,607",$451,"$308,359,097",40,false
Aug 16,Wednesday,6,"$748,199",-36.5%,-33.2%,"2,607",$286,"$309,107,296",41,false
Aug 17,Thursday,5,"$694,085",-7.2%,-34.8%,"2,607",$266,"$309,801,381",42,false
Aug 18,Friday,7,"$1,271,915",+83.3%,-26.3%,"2,341",$543,"$311,073,296",43,false
Aug 19,Saturday,7,"$1,821,210",+43.2%,-29.8%,"2,341",$777,"$312,894,506",44,false
Aug 20,Sunday,7,"$1,163,242",-36.1%,-31.7%,"2,341",$496,"$314,057,748",45,false
Aug 21,Monday,6,"$461,474",-60.3%,-42.7%,"2,341",$197,"$314,519,222",46,false
Aug 22,Tuesday,7,"$700,251",+51.7%,-40.6%,"2,341",$299,"$315,219,473",47,false
Aug 23,Wednesday,7,"$470,805",-32.8%,-37.1%,"2,341",$201,"$315,690,278",48,false
Aug 24,Thursday,6,"$427,804",-9.1%,-38.4%,"2,341",$182,"$316,118,082",49,false
Aug 25,Friday,8,"$808,733",+89%,-36.4%,"2,122",$381,"$316,926,815",50,false
Aug 26,Saturday,8,"$1,177,786",+45.6%,-35.3%,"2,122",$555,"$318,104,601",51,false
Aug 27,Sunday,7,"$833,957",-29.2%,-28.3%,"2,122",$393,"$318,938,558",52,false
Aug 28,Monday,7,"$324,871",-61%,-29.6%,"2,122",$153,"$319,263,429",53,false
Aug 29,Tuesday,7,"$495,789",+52.6%,-29.2%,"2,122",$233,"$319,759,218",54,false
Aug 30,Wednesday,7,"$317,257",-36%,-32.6%,"2,122",$149,"$320,076,475",55,false
Aug 31,Thursday,7,"$325,071",+2.5%,-24%,"2,122",$153,"$320,401,546",56,false
Sep 1,Friday,7,"$812,869",+150.1%,+0.5%,"2,036",$399,"$321,214,415",57,false
Sep 2,Saturday,7,"$1,428,527",+75.7%,+21.3%,"2,036",$701,"$322,642,942",58,false
Sep 3,Sunday,7,"$1,442,793",+1%,+73%,"2,036",$708,"$324,085,735",59,false
Sep 4Labor Day,Monday,7,"$1,035,187",-28.3%,+218.6%,"2,036",$508,"$325,120,922",60,false
Sep 5,Tuesday,7,"$248,359",-76%,-49.9%,"2,036",$121,"$325,369,281",61,false
Sep 6,Wednesday,7,"$177,324",-28.6%,-44.1%,"2,036",$87,"$325,546,605",62,false
Sep 7,Thursday,7,"$141,189",-20.4%,-56.6%,"2,036",$69,"$325,687,794",63,false
Sep 8,Friday,8,"$510,344",+261.5%,-37.2%,"1,657",$307,"$326,198,138",64,false
Sep 9,Saturday,7,"$964,539",+89%,-32.5%,"1,657",$582,"$327,162,677",65,false
Sep 10,Sunday,7,"$531,866",-44.9%,-63.1%,"1,657",$320,"$327,694,543",66,false
Sep 11,Monday,8,"$136,069",-74.4%,-86.9%,"1,657",$82,"$327,830,612",67,false
Sep 12,Tuesday,9,"$233,482",+71.6%,-6%,"1,657",$140,"$328,064,094",68,false
Sep 13,Wednesday,8,"$171,846",-26.4%,-3.1%,"1,657",$103,"$328,235,940",69,false
Sep 14,Thursday,9,"$151,308",-12%,+7.2%,"1,657",$91,"$328,387,248",70,false
Sep 15,Friday,8,"$495,641",+227.6%,-2.9%,"1,436",$345,"$328,882,889",71,false
Sep 16,Saturday,9,"$882,823",+78.1%,-8.5%,"1,436",$614,"$329,765,712",72,false
Sep 17,Sunday,8,"$480,276",-45.6%,-9.7%,"1,436",$334,"$330,245,988",73,false
Sep 18,Monday,9,"$115,873",-75.9%,-14.8%,"1,436",$80,"$330,361,861",74,false
Sep 19,Tuesday,9,"$158,822",+37.1%,-32%,"1,436",$110,"$330,520,683",75,false
Sep 20,Wednesday,9,"$123,733",-22.1%,-28%,"1,436",$86,"$330,644,416",76,false
Sep 21,Thursday,8,"$149,246",+20.6%,-1.4%,"1,436",$103,"$330,793,662",77,false
Sep 22,Friday,12,"$284,164",+90.4%,-42.7%,"1,006",$282,"$331,077,826",78,false
Sep 23,Saturday,11,"$524,302",+84.5%,-40.6%,"1,006",$521,"$331,602,128",79,false
Sep 24,Sunday,12,"$255,246",-51.3%,-46.9%,"1,006",$253,"$331,857,374",80,false
Sep 25,Monday,12,"$65,319",-74.4%,-43.6%,"1,006",$64,"$331,922,693",81,false
Sep 26,Tuesday,13,"$80,845",+23.8%,-49.1%,"1,006",$80,"$332,003,538",82,false
Sep 27,Wednesday,12,"$62,918",-22.2%,-49.2%,"1,006",$62,"$332,066,456",83,false
Sep 28,Thursday,14,"$51,861",-17.6%,-65.3%,"1,006",$51,"$332,118,317",84,false
Sep 29,Friday,18,"$152,271",+193.6%,-46.4%,679,$224,"$332,270,588",85,false
Sep 30,Saturday,16,"$285,045",+87.2%,-45.6%,679,$419,"$332,555,633",86,false
Oct 1,Sunday,18,"$151,616",-46.8%,-40.6%,679,$223,"$332,707,249",87,false
Oct 2,Monday,18,"$37,584",-75.2%,-42.5%,679,$55,"$332,744,833",88,false
Oct 3,Tuesday,21,"$45,131",+20.1%,-44.2%,679,$66,"$332,789,964",89,false
Oct 4,Wednesday,22,"$35,378",-21.6%,-43.8%,679,$52,"$332,825,342",90,false
Oct 5,Thursday,21,"$27,762",-21.5%,-46.5%,679,$40,"$332,853,104",91,false
Oct 6,Friday,21,"$62,551",+125.3%,-58.9%,326,$191,"$332,915,655",92,false
Oct 7,Saturday,19,"$121,196",+93.8%,-57.5%,326,$371,"$333,036,851",93,false
Oct 8,Sunday,20,"$88,829",-26.7%,-41.4%,326,$272,"$333,125,680",94,false
Oct 9Indig. Peoples' Day,Monday,22,"$50,819",-42.8%,+35.2%,326,$155,"$333,176,499",95,false
Oct 10,Tuesday,21,"$27,601",-45.7%,-38.8%,326,$84,"$333,204,100",96,false
Oct 11,Wednesday,21,"$22,563",-18.3%,-36.2%,326,$69,"$333,226,663",97,false
Oct 12,Thursday,21,"$18,765",-16.8%,-32.4%,326,$57,"$333,245,428",98,false
Oct 13,Friday,20,"$73,084",+289.5%,+16.8%,306,$238,"$333,318,512",99,false
Oct 14,Saturday,18,"$127,675",+74.7%,+5.3%,306,$417,"$333,446,187",100,false
Oct 15,Sunday,17,"$82,194",-35.6%,-7.5%,306,$268,"$333,528,381",101,false
Oct 16,Monday,19,"$23,005",-72%,-54.7%,306,$75,"$333,551,386",102,false
Oct 17,Tuesday,21,"$23,605",+2.6%,-14.5%,306,$77,"$333,574,991",103,false
Oct 18,Wednesday,18,"$20,365",-13.7%,-9.7%,306,$66,"$333,595,356",104,false
Oct 19,Thursday,18,"$21,059",+3.4%,+12.2%,306,$68,"$333,616,415",105,false
Oct 20,Friday,26,"$43,470",+106.4%,-40.5%,209,$207,"$333,659,885",106,false
Oct 21,Saturday,24,"$74,830",+72.1%,-41.4%,209,$358,"$333,734,715",107,false
Oct 22,Sunday,26,"$42,379",-43.4%,-48.4%,209,$202,"$333,777,094",108,false
Oct 23,Monday,28,"$12,009",-71.7%,-47.8%,209,$57,"$333,789,103",109,false
Oct 24,Tuesday,29,"$12,283",+2.3%,-48%,209,$58,"$333,801,386",110,false
Oct 25,Wednesday,28,"$10,738",-12.6%,-47.3%,209,$51,"$333,812,124",111,false
Oct 26,Thursday,29,"$10,936",+1.8%,-48.1%,209,$52,"$333,823,060",112,false
Oct 27,Friday,31,"$26,734",+144.5%,-38.5%,181,$147,"$333,849,794",113,false
Oct 28,Saturday,31,"$42,152",+57.7%,-43.7%,181,$232,"$333,891,946",114,false
Oct 29,Sunday,30,"$27,677",-34.3%,-34.7%,181,$152,"$333,919,623",115,false
Oct 30,Monday,31,"$7,089",-74.4%,-41%,181,$39,"$333,926,712",116,false
Oct 31Halloween,Tuesday,32,"$9,398",+32.6%,-23.5%,181,$51,"$333,936,110",117,false
Nov 1,Wednesday,32,"$7,925",-15.7%,-26.2%,181,$43,"$333,944,035",118,false
Nov 2,Thursday,33,"$7,901",-0.3%,-27.8%,181,$43,"$333,951,936",119,false
Nov 3,Friday,33,"$20,142",+154.9%,-24.7%,144,$139,"$333,972,078",120,false
Nov 4,Saturday,34,"$38,464",+91%,-8.7%,144,$267,"$334,010,542",121,false
Nov 5,Sunday,35,"$22,505",-41.5%,-18.7%,144,$156,"$334,033,047",122,false
Nov 6,Monday,35,"$5,068",-77.5%,-28.5%,144,$35,"$334,038,115",123,false
Nov 7,Tuesday,34,"$7,259",+43.2%,-22.8%,144,$50,"$334,045,374",124,false
Nov 8,Wednesday,35,"$6,093",-16.1%,-23.1%,144,$42,"$334,051,467",125,false
Nov 9,Thursday,34,"$7,247",+18.9%,-8.3%,144,$50,"$334,058,714",126,false
Nov 10,Friday,37,"$18,446",+154.5%,-8.4%,117,$157,"$334,077,160",127,false
Nov 11,Saturday,38,"$25,353",+37.4%,-34.1%,117,$216,"$334,102,513",128,false
Nov 12,Sunday,39,"$15,008",-40.8%,-33.3%,117,$128,"$334,117,521",129,false
Nov 13,Monday,37,"$4,937",-67.1%,-2.6%,117,$42,"$334,122,458",130,false
Nov 14,Tuesday,38,"$4,841",-1.9%,-33.3%,117,$41,"$334,127,299",131,false
Nov 15,Wednesday,37,"$4,888",+1%,-19.8%,117,$41,"$334,132,187",132,false
Nov 16,Thursday,36,"$5,771",+18.1%,-20.4%,117,$49,"$334,137,958",133,false
Nov 17,Friday,40,"$6,609",+14.5%,-64.2%,77,$85,"$334,144,567",134,false
Nov 18,Saturday,40,"$13,487",+104.1%,-46.8%,77,$175,"$334,158,054",135,false
Nov 19,Sunday,40,"$8,771",-35%,-41.6%,77,$113,"$334,166,825",136,false
Nov 20,Monday,40,"$4,167",-52.5%,-15.6%,77,$54,"$334,170,992",137,false
Nov 21,Tuesday,38,"$5,642",+35.4%,+16.5%,77,$73,"$334,176,634",138,false
Nov 22,Wednesday,41,"$3,159",-44%,-35.4%,48,$65,"$334,179,793",139,false
Nov 23Thanksgiving,Thursday,45,"$2,160",-31.6%,-62.6%,48,$45,"$334,181,953",140,false
Nov 24,Friday,39,"$6,643",+207.5%,+0.5%,37,$179,"$334,188,596",141,false
Nov 25,Saturday,41,"$6,571",-1.1%,-51.3%,37,$177,"$334,195,167",142,false
Nov 26,Sunday,46,"$2,986",-54.6%,-66%,37,$80,"$334,198,153",143,false
Nov 27,Monday,45,$690,-76.9%,-83.4%,37,$18,"$334,198,843",144,false
Nov 28,Tuesday,44,$881,+27.7%,-84.4%,37,$23,"$334,199,724",145,false
Nov 29,Wednesday,48,$615,-30.2%,-80.5%,37,$16,"$334,200,339",146,false
Nov 30,Thursday,46,$801,+30.2%,-62.9%,37,$21,"$334,201,140",147,false
