Date,DOW,Rank,Daily,%± YD,%± LW,Theaters,Avg,To Date,Day,Estimated
May 6,Friday,1,"$25,481,796",-,-,"3,955","$6,442","$25,481,796",1,false
May 7,Saturday,1,"$23,341,263",-8.4%,-,"3,955","$5,901","$48,823,059",2,false
May 8,Sunday,1,"$16,900,279",-27.6%,-,"3,955","$4,273","$65,723,338",3,false
May 9,Monday,1,"$5,403,057",-68%,-,"3,955","$1,366","$71,126,395",4,false
May 10,Tuesday,1,"$5,410,419",+0.1%,-,"3,955","$1,367","$76,536,814",5,false
May 11,Wednesday,1,"$4,189,021",-22.6%,-,"3,955","$1,059","$80,725,835",6,false
May 12,Thursday,1,"$4,026,482",-3.9%,-,"3,955","$1,018","$84,752,317",7,false
May 13,Friday,1,"$9,140,767",+127%,-64.1%,"3,963","$2,306","$93,893,084",8,false
May 14,Saturday,1,"$15,171,878",+66%,-35%,"3,963","$3,828","$109,064,962",9,false
May 15,Sunday,1,"$10,390,390",-31.5%,-38.5%,"3,963","$2,621","$119,455,352",10,false
May 16,Monday,2,"$2,856,650",-72.5%,-47.1%,"3,963",$720,"$122,312,002",11,false
May 17,Tuesday,2,"$3,090,024",+8.2%,-42.9%,"3,963",$779,"$125,402,026",12,false
May 18,Wednesday,2,"$2,303,232",-25.5%,-45%,"3,963",$581,"$127,705,258",13,false
May 19,Thursday,2,"$2,200,897",-4.4%,-45.3%,"3,963",$555,"$129,906,155",14,false
May 20,Friday,3,"$4,353,422",+97.8%,-52.4%,"3,924","$1,109","$134,259,577",15,false
May 21,Saturday,3,"$6,492,846",+49.1%,-57.2%,"3,924","$1,654","$140,752,423",16,false
May 22,Sunday,3,"$4,609,036",-29%,-55.6%,"3,924","$1,174","$145,361,459",17,false
May 23,Monday,3,"$1,678,808",-63.6%,-41.2%,"3,924",$427,"$147,040,267",18,false
May 24,Tuesday,3,"$1,284,927",-23.5%,-58.4%,"3,924",$327,"$148,325,194",19,false
May 25,Wednesday,3,"$1,085,331",-15.5%,-52.9%,"3,924",$276,"$149,410,525",20,false
May 26,Thursday,5,"$948,778",-12.6%,-56.9%,"3,296",$287,"$150,359,303",21,false
May 27,Friday,5,"$2,483,793",+161.8%,-42.9%,"3,296",$753,"$152,843,096",22,false
May 28,Saturday,5,"$3,639,713",+46.5%,-43.9%,"3,296","$1,104","$156,482,809",23,false
May 29,Sunday,5,"$3,410,364",-6.3%,-26%,"3,296","$1,034","$159,893,173",24,false
May 30Memorial Day,Monday,5,"$2,546,271",-25.3%,+51.7%,"3,296",$772,"$162,439,444",25,false
May 31,Tuesday,5,"$853,193",-66.5%,-33.6%,"3,296",$258,"$163,292,637",26,false
Jun 1,Wednesday,5,"$772,079",-9.5%,-28.9%,"3,296",$234,"$164,064,716",27,false
Jun 2,Thursday,5,"$808,188",+4.7%,-14.8%,"3,296",$245,"$164,872,904",28,false
Jun 3,Friday,6,"$1,245,864",+54.2%,-49.8%,"2,780",$448,"$166,118,768",29,false
Jun 4,Saturday,6,"$1,830,703",+46.9%,-49.7%,"2,780",$658,"$167,949,471",30,false
Jun 5,Sunday,6,"$1,173,477",-35.9%,-65.6%,"2,780",$422,"$169,122,948",31,false
Jun 6,Monday,6,"$500,801",-57.3%,-80.3%,"2,780",$180,"$169,623,749",32,false
Jun 7,Tuesday,6,"$550,679",+10%,-35.5%,"2,780",$198,"$170,174,428",33,false
Jun 8,Wednesday,6,"$510,429",-7.3%,-33.9%,"2,780",$183,"$170,684,857",34,false
Jun 9,Thursday,7,"$544,651",+6.7%,-32.6%,"2,780",$195,"$171,229,508",35,false
Jun 10,Friday,9,"$712,214",+30.8%,-42.8%,"1,782",$399,"$171,941,722",36,false
Jun 11,Saturday,9,"$1,057,322",+48.5%,-42.2%,"1,782",$593,"$172,999,044",37,false
Jun 12,Sunday,9,"$665,679",-37%,-43.3%,"1,782",$373,"$173,664,723",38,false
Jun 13,Monday,9,"$302,910",-54.5%,-39.5%,"1,782",$169,"$173,967,633",39,false
Jun 14,Tuesday,10,"$341,126",+12.6%,-38.1%,"1,782",$191,"$174,308,759",40,false
Jun 15,Wednesday,9,"$309,120",-9.4%,-39.4%,"1,782",$173,"$174,617,879",41,false
Jun 16,Thursday,9,"$348,123",+12.6%,-36.1%,"1,782",$195,"$174,966,002",42,false
Jun 17,Friday,12,"$312,243",-10.3%,-56.2%,875,$356,"$175,278,245",43,false
Jun 18,Saturday,12,"$434,218",+39.1%,-58.9%,875,$496,"$175,712,463",44,false
Jun 19,Sunday,11,"$398,615",-8.2%,-40.1%,875,$455,"$176,111,078",45,false
Jun 20,Monday,12,"$143,401",-64%,-52.7%,875,$163,"$176,254,479",46,false
Jun 21,Tuesday,13,"$155,702",+8.6%,-54.4%,875,$177,"$176,410,181",47,false
Jun 22,Wednesday,12,"$144,504",-7.2%,-53.3%,875,$165,"$176,554,685",48,false
Jun 23,Thursday,11,"$157,379",+8.9%,-54.8%,875,$179,"$176,712,064",49,false
Jun 24,Friday,16,"$154,518",-1.8%,-50.5%,404,$382,"$176,866,582",50,false
Jun 25,Saturday,14,"$208,802",+35.1%,-51.9%,404,$516,"$177,075,384",51,false
Jun 26,Sunday,15,"$147,980",-29.1%,-62.9%,404,$366,"$177,223,364",52,false
Jun 27,Monday,15,"$74,284",-49.8%,-48.2%,404,$183,"$177,297,648",53,false
Jun 28,Tuesday,17,"$81,194",+9.3%,-47.9%,404,$200,"$177,378,842",54,false
Jun 29,Wednesday,15,"$63,035",-22.4%,-56.4%,404,$156,"$177,441,877",55,false
Jun 30,Thursday,15,"$75,403",+19.6%,-52.1%,404,$186,"$177,517,280",56,false
Jul 1,Friday,19,"$123,076",+63.2%,-20.3%,270,$455,"$177,640,356",57,false
Jul 2,Saturday,19,"$163,140",+32.6%,-21.9%,270,$604,"$177,803,496",58,false
Jul 3,Sunday,19,"$114,087",-30.1%,-22.9%,270,$422,"$177,917,583",59,false
Jul 4Independence Day,Monday,19,"$70,517",-38.2%,-5.1%,270,$261,"$177,988,100",60,false
Jul 5,Tuesday,17,"$63,062",-10.6%,-22.3%,270,$233,"$178,051,162",61,false
Jul 6,Wednesday,19,"$55,894",-11.4%,-11.3%,270,$207,"$178,107,056",62,false
Jul 7,Thursday,19,"$59,607",+6.6%,-20.9%,270,$220,"$178,166,663",63,false
Jul 8,Friday,18,"$176,891",+196.8%,+43.7%,315,$561,"$178,343,554",64,false
Jul 9,Saturday,19,"$224,225",+26.8%,+37.4%,315,$711,"$178,567,779",65,false
Jul 10,Sunday,18,"$172,192",-23.2%,+50.9%,315,$546,"$178,739,971",66,false
Jul 11,Monday,18,"$93,836",-45.5%,+33.1%,315,$297,"$178,833,807",67,false
Jul 12,Tuesday,18,"$108,238",+15.3%,+71.6%,315,$343,"$178,942,045",68,false
Jul 13,Wednesday,18,"$88,512",-18.2%,+58.4%,315,$280,"$179,030,557",69,false
Jul 14,Thursday,18,"$84,450",-4.6%,+41.7%,315,$268,"$179,115,007",70,false
Jul 15,Friday,20,"$110,300",+30.6%,-37.6%,272,$405,"$179,225,307",71,false
Jul 16,Saturday,21,"$156,156",+41.6%,-30.4%,272,$574,"$179,381,463",72,false
Jul 17,Sunday,21,"$119,699",-23.3%,-30.5%,272,$440,"$179,501,162",73,false
Jul 18,Monday,19,"$68,008",-43.2%,-27.5%,272,$250,"$179,569,170",74,false
Jul 19,Tuesday,20,"$80,002",+17.6%,-26.1%,272,$294,"$179,649,172",75,false
Jul 20,Wednesday,21,"$69,202",-13.5%,-21.8%,272,$254,"$179,718,374",76,false
Jul 21,Thursday,21,"$74,814",+8.1%,-11.4%,272,$275,"$179,793,188",77,false
Jul 22,Friday,20,"$100,665",+34.6%,-8.7%,236,$426,"$179,893,853",78,false
Jul 23,Saturday,20,"$135,923",+35%,-13%,236,$575,"$180,029,776",79,false
Jul 24,Sunday,18,"$106,412",-21.7%,-11.1%,236,$450,"$180,136,188",80,false
Jul 25,Monday,18,"$58,223",-45.3%,-14.4%,236,$246,"$180,194,411",81,false
Jul 26,Tuesday,20,"$66,247",+13.8%,-17.2%,236,$280,"$180,260,658",82,false
Jul 27,Wednesday,20,"$55,718",-15.9%,-19.5%,236,$236,"$180,316,376",83,false
Jul 28,Thursday,20,"$56,888",+2.1%,-24%,236,$241,"$180,373,264",84,false
Jul 29,Friday,25,"$60,513",+6.4%,-39.9%,190,$318,"$180,433,777",85,false
Jul 30,Saturday,25,"$79,500",+31.4%,-41.5%,190,$418,"$180,513,277",86,false
Jul 31,Sunday,23,"$67,518",-15.1%,-36.6%,190,$355,"$180,580,795",87,false
Aug 1,Monday,24,"$33,485",-50.4%,-42.5%,190,$176,"$180,614,280",88,false
Aug 2,Tuesday,27,"$36,002",+7.5%,-45.7%,190,$189,"$180,650,282",89,false
Aug 3,Wednesday,26,"$32,931",-8.5%,-40.9%,190,$173,"$180,683,213",90,false
Aug 4,Thursday,25,"$33,334",+1.2%,-41.4%,190,$175,"$180,716,547",91,false
Aug 5,Friday,32,"$32,242",-3.3%,-46.7%,141,$228,"$180,748,789",92,false
Aug 6,Saturday,31,"$44,223",+37.2%,-44.4%,141,$313,"$180,793,012",93,false
Aug 7,Sunday,31,"$32,639",-26.2%,-51.7%,141,$231,"$180,825,651",94,false
Aug 8,Monday,32,"$17,362",-46.8%,-48.1%,141,$123,"$180,843,013",95,false
Aug 9,Tuesday,32,"$21,329",+22.8%,-40.8%,141,$151,"$180,864,342",96,false
Aug 10,Wednesday,33,"$16,730",-21.6%,-49.2%,141,$118,"$180,881,072",97,false
Aug 11,Thursday,32,"$16,720",<0.1%,-49.8%,141,$118,"$180,897,792",98,false
Aug 12,Friday,38,"$15,912",-4.8%,-50.6%,81,$196,"$180,913,704",99,false
Aug 13,Saturday,38,"$22,804",+43.3%,-48.4%,81,$281,"$180,936,508",100,false
Aug 14,Sunday,38,"$16,320",-28.4%,-50%,81,$201,"$180,952,828",101,false
Aug 15,Monday,39,"$7,921",-51.5%,-54.4%,81,$97,"$180,960,749",102,false
Aug 16,Tuesday,39,"$8,551",+8%,-59.9%,81,$105,"$180,969,300",103,false
Aug 17,Wednesday,39,"$7,773",-9.1%,-53.5%,81,$95,"$180,977,073",104,false
Aug 18,Thursday,40,"$7,335",-5.6%,-56.1%,81,$90,"$180,984,408",105,false
Aug 19,Friday,39,"$9,434",+28.6%,-40.7%,54,$174,"$180,993,842",106,false
Aug 20,Saturday,40,"$13,231",+40.2%,-42%,54,$245,"$181,007,073",107,false
Aug 21,Sunday,40,"$8,068",-39%,-50.6%,54,$149,"$181,015,141",108,false
Aug 22,Monday,40,"$3,538",-56.1%,-55.3%,54,$65,"$181,018,679",109,false
Aug 23,Tuesday,40,"$3,805",+7.5%,-55.5%,54,$70,"$181,022,484",110,false
Aug 24,Wednesday,39,"$4,020",+5.7%,-48.3%,54,$74,"$181,026,504",111,false
Aug 25,Thursday,39,"$4,120",+2.5%,-43.8%,54,$76,"$181,030,624",112,false
