Date,DOW,Rank,Daily,%± YD,%± LW,Theaters,Avg,To Date,Day,Estimated
Nov 8,Friday,1,"$31,899,210",-,-,"3,841","$8,304","$31,899,210",1,false
Nov 9,Saturday,1,"$32,078,010",+0.6%,-,"3,841","$8,351","$63,977,220",2,false
Nov 10,Sunday,1,"$21,760,621",-32.2%,-,"3,841","$5,665","$85,737,841",3,false
Nov 11,Monday,1,"$10,417,194",-52.1%,-,"3,841","$2,712","$96,155,035",4,false
Nov 12,Tuesday,1,"$5,244,111",-49.7%,-,"3,841","$1,365","$101,399,146",5,false
Nov 13,Wednesday,1,"$3,565,731",-32%,-,"3,841",$928,"$104,964,877",6,false
Nov 14,Thursday,1,"$3,546,237",-0.5%,-,"3,841",$923,"$108,511,114",7,false
Nov 15,Friday,2,"$10,524,470",+196.8%,-67%,"3,841","$2,740","$119,035,584",8,false
Nov 16,Saturday,1,"$16,761,427",+59.3%,-47.7%,"3,841","$4,363","$135,797,011",9,false
Nov 17,Sunday,1,"$9,300,119",-44.5%,-57.3%,"3,841","$2,421","$145,097,130",10,false
Nov 18,Monday,2,"$2,209,623",-76.2%,-78.8%,"3,841",$575,"$147,306,753",11,false
Nov 19,Tuesday,1,"$2,729,808",+23.5%,-47.9%,"3,841",$710,"$150,036,561",12,false
Nov 20,Wednesday,1,"$2,004,268",-26.6%,-43.8%,"3,841",$521,"$152,040,829",13,false
Nov 21,Thursday,1,"$1,679,992",-16.2%,-52.6%,"3,841",$437,"$153,720,821",14,false
Nov 22,Friday,2,"$4,041,487",+140.6%,-61.6%,"3,713","$1,088","$157,762,308",15,false
Nov 23,Saturday,2,"$6,378,333",+57.8%,-61.9%,"3,713","$1,717","$164,140,641",16,false
Nov 24,Sunday,2,"$3,776,482",-40.8%,-59.4%,"3,713","$1,017","$167,917,123",17,false
Nov 25,Monday,2,"$1,360,662",-64%,-38.4%,"3,713",$366,"$169,277,785",18,false
Nov 26,Tuesday,2,"$1,941,500",+42.7%,-28.9%,"3,713",$522,"$171,219,285",19,false
Nov 27,Wednesday,3,"$2,346,359",+20.9%,+17.1%,"3,286",$714,"$173,565,644",20,false
Nov 28Thanksgiving,Thursday,3,"$2,054,146",-12.5%,+22.3%,"3,286",$625,"$175,619,790",21,false
Nov 29,Friday,3,"$4,477,422",+118%,+10.8%,"3,286","$1,362","$180,097,212",22,false
Nov 30,Saturday,3,"$4,461,688",-0.4%,-30%,"3,286","$1,357","$184,558,900",23,false
Dec 1,Sunday,3,"$2,146,186",-51.9%,-43.2%,"3,286",$653,"$186,705,086",24,false
Dec 2,Monday,3,"$531,201",-75.2%,-61%,"3,286",$161,"$187,236,287",25,false
Dec 3,Tuesday,4,"$655,345",+23.4%,-66.2%,"3,286",$199,"$187,891,632",26,false
Dec 4,Wednesday,3,"$498,942",-23.9%,-78.7%,"3,286",$151,"$188,390,574",27,false
Dec 5,Thursday,3,"$509,068",+2%,-75.2%,"3,286",$154,"$188,899,642",28,false
Dec 6,Friday,4,"$1,295,977",+154.6%,-71.1%,"3,074",$421,"$190,195,619",29,false
Dec 7,Saturday,3,"$2,272,980",+75.4%,-49.1%,"3,074",$739,"$192,468,599",30,false
Dec 8,Sunday,3,"$1,242,588",-45.3%,-42.1%,"3,074",$404,"$193,711,187",31,false
Dec 9,Monday,4,"$397,478",-68%,-25.2%,"3,074",$129,"$194,108,665",32,false
Dec 10,Tuesday,4,"$509,966",+28.3%,-22.2%,"3,074",$165,"$194,618,631",33,false
Dec 11,Wednesday,4,"$401,237",-21.3%,-19.6%,"3,074",$130,"$195,019,868",34,false
Dec 12,Thursday,3,"$405,821",+1.1%,-20.3%,"3,074",$132,"$195,425,689",35,false
Dec 13,Friday,5,"$801,586",+97.5%,-38.1%,"2,264",$354,"$196,227,275",36,false
Dec 14,Saturday,5,"$1,206,083",+50.5%,-46.9%,"2,264",$532,"$197,433,358",37,false
Dec 15,Sunday,5,"$812,386",-32.6%,-34.6%,"2,264",$358,"$198,245,744",38,false
Dec 16,Monday,5,"$301,519",-62.9%,-24.1%,"2,264",$133,"$198,547,263",39,false
Dec 17,Tuesday,5,"$342,564",+13.6%,-32.8%,"2,264",$151,"$198,889,827",40,false
Dec 18,Wednesday,6,"$273,905",-20%,-31.7%,"1,923",$142,"$199,163,732",41,false
Dec 19,Thursday,6,"$274,376",+0.2%,-32.4%,"1,923",$142,"$199,438,108",42,false
Dec 20,Friday,10,"$361,847",+31.9%,-54.9%,"1,116",$324,"$199,799,955",43,false
Dec 21,Saturday,10,"$522,668",+44.4%,-56.7%,"1,116",$468,"$200,322,623",44,false
Dec 22,Sunday,10,"$457,248",-12.5%,-43.7%,"1,116",$409,"$200,779,871",45,false
Dec 23,Monday,10,"$365,540",-20.1%,+21.2%,"1,116",$327,"$201,145,411",46,false
Dec 24,Tuesday,10,"$261,885",-28.4%,-23.6%,"1,116",$234,"$201,407,296",47,false
Dec 25Christmas Day,Wednesday,21,"$151,326",-42.2%,-44.8%,319,$474,"$201,558,622",48,false
Dec 26,Thursday,20,"$168,915",+11.6%,-38.4%,319,$529,"$201,727,537",49,false
Dec 27,Friday,19,"$209,196",+23.8%,-42.2%,319,$655,"$201,936,733",50,false
Dec 28,Saturday,19,"$248,434",+18.8%,-52.5%,319,$778,"$202,185,167",51,false
Dec 29,Sunday,20,"$178,443",-28.2%,-61%,319,$559,"$202,363,610",52,false
Dec 30,Monday,20,"$151,512",-15.1%,-58.6%,319,$474,"$202,515,122",53,false
Dec 31New Year's Eve,Tuesday,22,"$136,610",-9.8%,-47.8%,319,$428,"$202,651,732",54,false
Jan 1New Year's Day,Wednesday,21,"$205,020",+50.1%,+35.5%,319,$642,"$202,856,752",55,false
Jan 2,Thursday,20,"$115,945",-43.4%,-31.4%,319,$363,"$202,972,697",56,false
Jan 3,Friday,21,"$165,675",+42.9%,-20.8%,291,$569,"$203,138,372",57,false
Jan 4,Saturday,22,"$205,566",+24.1%,-17.3%,291,$706,"$203,343,938",58,false
Jan 5,Sunday,22,"$105,266",-48.8%,-41%,291,$361,"$203,449,204",59,false
Jan 6,Monday,21,"$43,806",-58.4%,-71.1%,291,$150,"$203,493,010",60,false
Jan 7,Tuesday,21,"$49,569",+13.2%,-63.7%,291,$170,"$203,542,579",61,false
Jan 8,Wednesday,24,"$39,457",-20.4%,-80.8%,291,$135,"$203,582,036",62,false
Jan 9,Thursday,24,"$37,550",-4.8%,-67.6%,291,$129,"$203,619,586",63,false
Jan 10,Friday,23,"$85,088",+126.6%,-48.6%,257,$331,"$203,704,674",64,false
Jan 11,Saturday,24,"$151,370",+77.9%,-26.4%,257,$588,"$203,856,044",65,false
Jan 12,Sunday,24,"$78,436",-48.2%,-25.5%,257,$305,"$203,934,480",66,false
Jan 13,Monday,26,"$24,545",-68.7%,-44%,257,$95,"$203,959,025",67,false
Jan 14,Tuesday,26,"$29,710",+21%,-40.1%,257,$115,"$203,988,735",68,false
Jan 15,Wednesday,27,"$25,925",-12.7%,-34.3%,257,$100,"$204,014,660",69,false
Jan 16,Thursday,27,"$27,102",+4.5%,-27.8%,257,$105,"$204,041,762",70,false
