Date,Event,DOW,Rank,Daily,YD%,LW%,Theaters,Avg,To Date,Day,Estimated
Feb 17,,5,1,46431851,,,4345,10686,46431851,1,False
Feb 18,,6,1,33903657,-27.0,,4345,7802,80335508,2,False
Feb 19,,7,1,25774142,-24.0,,4345,5931,106109650,3,False
Feb 20,Presidents' Day,1,1,14284967,-44.6,,4345,3287,120394617,4,False
Feb 21,,2,1,7078521,-50.4,,4345,1629,127473138,5,False
Feb 22,,3,1,3859533,-45.5,,4345,888,131332671,6,False
Feb 23,,4,1,3781913,-2.0,,4345,870,135114584,7,False
Feb 24,,5,2,8329121,120.2,-82.1,4345,1916,143443705,8,False
Feb 25,,6,1,14629621,75.6,-56.8,4345,3367,158073326,9,False
Feb 26,,7,1,9006061,-38.4,-65.1,4345,2072,167079387,10,False
Feb 27,,1,1,1721699,-80.9,-87.9,4345,396,168801086,11,False
Feb 28,,2,1,2536327,47.3,-64.2,4345,583,171337413,12,False
Mar 1,,3,2,1530357,-39.7,-60.3,4345,352,172867770,13,False
Mar 2,,4,2,1460059,-4.6,-61.4,4345,336,174327829,14,False
Mar 3,,5,3,3166691,116.9,-62.0,3825,827,177494520,15,False
Mar 4,,6,2,5945443,87.7,-59.4,3825,1554,183439963,16,False
Mar 5,,7,2,3697908,-37.8,-58.9,3825,966,187137871,17,False
Mar 6,,1,3,908642,-75.4,-47.2,3825,237,188046513,18,False
Mar 7,,2,4,1288698,41.8,-49.2,3825,336,189335211,19,False
Mar 8,,3,4,870702,-32.4,-43.1,3825,227,190205913,20,False
Mar 9,,4,4,772515,-11.3,-47.1,3825,201,190978428,21,False
Mar 10,,5,6,1738602,125.1,-45.1,3105,559,192717030,22,False
Mar 11,,6,4,3237625,86.2,-45.5,3105,1042,195954655,23,False
Mar 12,,7,4,2157739,-33.4,-41.6,3105,694,198112394,24,False
Mar 13,,1,5,853074,-60.5,-6.1,3105,274,198965468,25,False
Mar 14,,2,4,1137262,33.3,-11.8,3105,366,200102730,26,False
Mar 15,,3,4,890119,-21.7,2.2,3105,286,200992849,27,False
Mar 16,,4,4,769501,-13.6,-0.4,3105,247,201762350,28,False
Mar 17,,5,5,1180785,53.4,-32.1,2650,445,202943135,29,False
Mar 18,,6,5,1843602,56.1,-43.1,2650,695,204786737,30,False
Mar 19,,7,5,1193322,-35.3,-44.7,2650,450,205980059,31,False
Mar 20,,1,6,346421,-71.0,-59.4,2650,130,206326480,32,False
Mar 21,,2,8,451275,30.3,-60.3,2650,170,206777755,33,False
Mar 22,,3,7,352391,-21.9,-60.4,2650,132,207130146,34,False
Mar 23,,4,5,312746,-11.3,-59.4,2650,118,207442892,35,False
Mar 24,,5,6,607919,94.4,-48.5,1915,317,208050811,36,False
Mar 25,,6,6,1112750,83.0,-39.6,1915,581,209163561,37,False
Mar 26,,7,6,682718,-38.6,-42.8,1915,356,209846279,38,False
Mar 27,,1,6,221002,-67.6,-36.2,1915,115,210067281,39,False
Mar 28,,2,6,298818,35.2,-33.8,1915,156,210366099,40,False
Mar 29,,3,6,227455,-23.9,-35.5,1915,118,210593554,41,False
Mar 30,,4,6,200193,-12.0,-36.0,1915,104,210793747,42,False
Mar 31,,5,9,333860,66.8,-45.1,1440,231,211127607,43,False
Apr 1,,6,9,549730,64.7,-50.6,1440,381,211677337,44,False
Apr 2,,7,10,348602,-36.6,-48.9,1440,242,212025939,45,False
Apr 3,,1,10,135453,-61.1,-38.7,1440,94,212161392,46,False
Apr 4,,2,10,180920,33.6,-39.5,1440,125,212342312,47,False
Apr 5,,3,13,45041,-75.1,-80.2,1440,31,212387353,48,False
Apr 6,,4,15,59161,31.3,-70.4,1440,41,212446514,49,False
Apr 7,,5,17,107939,82.4,-67.7,520,207,212554453,50,False
Apr 8,,6,16,112479,4.2,-79.5,520,216,212666932,51,False
Apr 9,Easter Sunday,7,16,70983,-36.9,-79.6,520,136,212737915,52,False
Apr 10,,1,15,42281,-40.4,-68.8,520,81,212780196,53,False
Apr 11,,2,15,32223,-23.8,-82.2,520,61,212812419,54,False
Apr 12,,3,14,32340,0.4,-28.2,520,62,212844759,55,False
Apr 13,,4,15,24456,-24.4,-58.7,520,47,212869215,56,False
Apr 14,,5,27,11007,-55.0,-89.8,75,146,212880222,57,False
Apr 15,,6,26,19777,79.7,-82.4,75,263,212899999,58,False
Apr 16,,7,24,13581,-31.3,-80.9,75,181,212913580,59,False
Apr 17,,1,23,3986,-70.7,-90.6,75,53,212917566,60,False
Apr 18,,2,23,5007,25.6,-84.5,75,66,212922573,61,False
Apr 19,,3,26,3713,-25.8,-88.5,75,49,212926286,62,False
Apr 20,,4,23,4008,7.9,-83.6,75,53,212930294,63,False
Apr 21,,5,27,5861,46.2,-46.8,40,146,212936155,64,False
Apr 22,,6,29,8052,37.4,-59.3,40,201,212944207,65,False
Apr 23,,7,29,5533,-31.3,-59.3,40,138,212949740,66,False
Apr 24,,1,27,2509,-54.7,-37.1,40,62,212952249,67,False
Apr 25,,2,28,2788,11.1,-44.3,40,69,212955037,68,False
Apr 26,,3,23,2946,5.7,-20.7,40,73,212957983,69,False
Apr 27,,4,25,2804,-4.8,-30.0,40,70,212960787,70,False
Apr 28,,5,31,3195,13.9,-45.5,40,79,212963982,71,False
Apr 29,,6,31,5304,66.0,-34.1,40,132,212969286,72,False
Apr 30,,7,30,3145,-40.7,-43.2,40,78,212972431,73,False
May 1,,1,30,1070,-66.0,-57.4,40,26,212973501,74,False
May 2,,2,31,1326,23.9,-52.4,40,33,212974827,75,False
May 3,,3,29,1811,36.6,-38.5,40,45,212976638,76,False
May 4,,4,23,6549,261.6,133.6,40,163,212983187,77,False
May 5,,5,11,279043,4160.8,8633.7,185,1508,213262230,78,False
May 6,,6,11,425647,52.5,7925.0,185,2300,213687877,79,False
May 7,,7,18,46567,-89.1,1380.7,185,251,213734444,80,False
May 8,,1,21,3925,-91.6,266.8,185,21,213738369,81,False
May 9,,2,21,9438,140.5,611.8,185,51,213747807,82,False
May 10,,3,21,6674,-29.3,268.5,185,36,213754481,83,False
May 11,,4,19,14737,120.8,125.0,185,79,213769218,84,False
May 12,,5,15,147403,900.2,-47.2,135,1091,213916621,85,False
May 13,,6,12,239512,62.5,-43.7,135,1774,214156133,86,False
May 14,,7,21,38876,-83.8,-16.5,135,287,214195009,87,False
May 15,,1,27,3855,-90.1,-1.8,135,28,214198864,88,False
May 16,,2,29,3375,-12.5,-64.2,135,25,214202239,89,False
May 17,,3,27,3688,9.3,-44.7,135,27,214205927,90,False
May 18,,4,23,8037,117.9,-45.5,135,59,214213964,91,False
May 19,,5,15,68468,751.9,-53.6,85,805,214282432,92,False
May 20,,6,15,78715,15.0,-67.1,85,926,214361147,93,False
May 21,,7,21,27604,-64.9,-29.0,85,324,214388751,94,False
May 22,,1,25,4369,-84.2,13.3,85,51,214393120,95,False
May 23,,2,29,3969,-9.2,17.6,85,46,214397089,96,False
May 24,,3,27,4089,3.0,10.9,85,48,214401178,97,False
May 25,,4,23,5391,31.8,-32.9,85,63,214406569,98,False
May 26,,5,19,15287,183.6,-77.7,30,509,214421856,99,False
May 27,,6,20,19166,25.4,-75.7,30,638,214441022,100,False
May 28,,7,21,13646,-28.8,-50.6,30,454,214454668,101,False
May 29,Memorial Day,1,30,957,-93.0,-78.1,30,31,214455625,102,False
May 30,,2,30,1717,79.4,-56.7,30,57,214457342,103,False
May 31,,3,30,1107,-35.5,-72.9,30,36,214458449,104,False
Jun 1,,4,30,502,-54.7,-90.7,30,16,214458951,105,False
Jun 2,,5,22,11022,2095.6,-27.9,25,440,214469973,106,False
Jun 3,,6,22,14976,35.9,-21.9,25,599,214484949,107,False
Jun 4,,7,25,3232,-78.4,-76.3,25,129,214488181,108,False
Jun 5,,1,24,822,-74.6,-14.1,25,32,214489003,109,False
Jun 6,,2,25,1195,45.4,-30.4,25,47,214490198,110,False
Jun 7,,3,26,958,-19.8,-13.5,25,38,214491156,111,False
Jun 8,,4,25,1541,60.9,207.0,25,61,214492697,112,False
Jun 9,,5,24,4054,163.1,-63.2,20,202,214496751,113,False
Jun 10,,6,24,5799,43.0,-61.3,20,289,214502550,114,False
Jun 11,,7,27,480,-91.7,-85.1,20,24,214503030,115,False
Jun 12,,1,24,891,85.6,8.4,20,44,214503921,116,False
Jun 13,,2,27,380,-57.4,-68.2,20,19,214504301,117,False
Jun 14,,3,26,547,43.9,-42.9,20,27,214504848,118,False
Jun 15,,4,28,61,-88.8,-96.0,20,3,214504909,119,False
