"","Date","DOW","Rank","Daily","X...YD","X...LW","Theaters","Avg","To.Date","Day","Estimated"
"1","6-Jul",5,1,33725082,"-","-",4206,8018,"$33,725,082 ",1,FALSE
"2","7-Jul",6,1,23555372,"-30.20%","-",4206,5600,"$57,280,454 ",2,FALSE
"3","8-Jul",7,1,18531751,"-21.30%","-",4206,4406,"$75,812,205 ",3,FALSE
"4","9-Jul",1,1,6983824,"-62.30%","-",4206,1660,"$82,796,029 ",4,FALSE
"5","10-Jul",2,1,10042976,"43.80%","-",4206,2387,"$92,839,005 ",5,FALSE
"6","11-Jul",3,1,5852591,"-41.70%","-82.60%",4206,1391,"$98,691,596 ",6,FALSE
"7","12-Jul",4,1,5293629,"-9.60%","-77.50%",4206,1258,"$103,985,225 ",7,FALSE
"8","13-Jul",5,3,8431124,"59.30%","-75%",4206,2004,"$112,416,349 ",8,FALSE
"9","14-Jul",6,2,11756671,"39.40%","-50.10%",4206,2795,"$124,173,020 ",9,FALSE
"10","15-Jul",7,2,8910064,"-24.20%","-51.90%",4206,2118,"$133,083,084 ",10,FALSE
"11","16-Jul",1,2,3566526,"-60%","-48.90%",4206,847,"$136,649,610 ",11,FALSE
"12","17-Jul",2,2,5506525,"54.40%","-45.20%",4206,1309,"$142,156,135 ",12,FALSE
"13","18-Jul",3,2,3349910,"-39.20%","-42.80%",4206,796,"$145,506,045 ",13,FALSE
"14","19-Jul",4,2,2992247,"-10.70%","-43.50%",4206,711,"$148,498,292 ",14,FALSE
"15","20-Jul",5,4,4483139,"49.80%","-46.80%",3778,1186,"$152,981,431 ",15,FALSE
"16","21-Jul",6,4,6609304,"47.40%","-43.80%",3778,1749,"$159,590,735 ",16,FALSE
"17","22-Jul",7,4,5414713,"-18.10%","-39.20%",3778,1433,"$165,005,448 ",17,FALSE
"18","23-Jul",1,4,2272573,"-58%","-36.30%",3778,601,"$167,278,021 ",18,FALSE
"19","24-Jul",2,4,3315774,"45.90%","-39.80%",3778,877,"$170,593,795 ",19,FALSE
"20","25-Jul",3,4,2271063,"-31.50%","-32.20%",3778,601,"$172,864,858 ",20,FALSE
"21","26-Jul",4,4,1859269,"-18.10%","-37.90%",3778,492,"$174,724,127 ",21,FALSE
"22","27-Jul",5,6,2519657,"35.50%","-43.80%",3013,836,"$177,243,784 ",22,FALSE
"23","28-Jul",6,5,3511225,"39.40%","-46.90%",3013,1165,"$180,755,009 ",23,FALSE
"24","29-Jul",7,5,2735218,"-22.10%","-49.50%",3013,907,"$183,490,227 ",24,FALSE
"25","30-Jul",1,5,1278835,"-53.20%","-43.70%",3013,424,"$184,769,062 ",25,FALSE
"26","31-Jul",2,6,1908663,"49.30%","-42.40%",3013,633,"$186,677,725 ",26,FALSE
"27","1-Aug",3,5,1376054,"-27.90%","-39.40%",3013,456,"$188,053,779 ",27,FALSE
"28","2-Aug",4,5,1227656,"-10.80%","-34%",3013,407,"$189,281,435 ",28,FALSE
"29","3-Aug",5,8,1831798,"49.20%","-27.30%",2233,820,"$191,113,233 ",29,FALSE
"30","4-Aug",6,7,2593399,"41.60%","-26.10%",2233,1161,"$193,706,632 ",30,FALSE
"31","5-Aug",7,7,1939303,"-25.20%","-29.10%",2233,868,"$195,645,935 ",31,FALSE
"32","6-Aug",1,7,948840,"-51.10%","-25.80%",2233,424,"$196,594,775 ",32,FALSE
"33","7-Aug",2,7,1244667,"31.20%","-34.80%",2233,557,"$197,839,442 ",33,FALSE
"34","8-Aug",3,7,894546,"-28.10%","-35%",2233,400,"$198,733,988 ",34,FALSE
"35","9-Aug",4,7,736356,"-17.70%","-40%",2233,329,"$199,470,344 ",35,FALSE
"36","10-Aug",5,10,1108734,"50.60%","-39.50%",1863,595,"$200,579,078 ",36,FALSE
"37","11-Aug",6,10,1754273,"58.20%","-32.40%",1863,941,"$202,333,351 ",37,FALSE
"38","12-Aug",7,10,1240629,"-29.30%","-36%",1863,665,"$203,573,980 ",38,FALSE
"39","13-Aug",1,11,533783,"-57%","-43.70%",1863,286,"$204,107,763 ",39,FALSE
"40","14-Aug",2,10,752759,"41%","-39.50%",1863,404,"$204,860,522 ",40,FALSE
"41","15-Aug",3,11,461489,"-38.70%","-48.40%",1863,247,"$205,322,011 ",41,FALSE
"42","16-Aug",4,12,423639,"-8.20%","-42.50%",1863,227,"$205,745,650 ",42,FALSE
"43","17-Aug",5,13,704069,"66.20%","-36.50%",1520,463,"$206,449,719 ",43,FALSE
"44","18-Aug",6,12,1150966,"63.50%","-34.40%",1520,757,"$207,600,685 ",44,FALSE
"45","19-Aug",7,12,791821,"-31.20%","-36.20%",1520,520,"$208,392,506 ",45,FALSE
"46","20-Aug",1,14,289360,"-63.50%","-45.80%",1520,190,"$208,681,866 ",46,FALSE
"47","21-Aug",2,13,454410,"57%","-39.60%",1520,298,"$209,136,276 ",47,FALSE
"48","22-Aug",3,14,288595,"-36.50%","-37.50%",1520,189,"$209,424,871 ",48,FALSE
"49","23-Aug",4,13,241828,"-16.20%","-42.90%",1520,159,"$209,666,699 ",49,FALSE
"50","24-Aug",5,14,470639,"94.60%","-33.20%",1178,399,"$210,137,338 ",50,FALSE
"51","25-Aug",6,14,816664,"73.50%","-29%",1178,693,"$210,954,002 ",51,FALSE
"52","26-Aug",7,15,504533,"-38.20%","-36.30%",1178,428,"$211,458,535 ",52,FALSE
"53","27-Aug",1,15,172381,"-65.80%","-40.40%",1178,146,"$211,630,916 ",53,FALSE
"54","28-Aug",2,15,240289,"39.40%","-47.10%",1178,203,"$211,871,205 ",54,FALSE
"55","29-Aug",3,17,151989,"-36.70%","-47.30%",1178,129,"$212,023,194 ",55,FALSE
"56","30-Aug",4,16,137264,"-9.70%","-43.20%",1178,116,"$212,160,458 ",56,FALSE
"57","31-Aug",5,18,321257,"134%","-31.70%",830,387,"$212,481,715 ",57,FALSE
"58","1-Sep",6,19,541757,"68.60%","-33.70%",830,652,"$213,023,472 ",58,FALSE
"59","2-Sep",7,18,538400,"-0.60%","6.70%",830,648,"$213,561,872 ",59,FALSE
"60","3-Sep",1,17,415985,"-22.70%","141.30%",830,501,"$213,977,857 ",60,FALSE
"61","4-Sep",2,20,104042,"-75%","-56.70%",830,125,"$214,081,899 ",61,FALSE
"62","5-Sep",3,21,64151,"-38.30%","-57.80%",830,77,"$214,146,050 ",62,FALSE
"63","6-Sep",4,20,57151,"-10.90%","-58.40%",830,68,"$214,203,201 ",63,FALSE
"64","7-Sep",5,22,137384,"140.40%","-57.20%",548,250,"$214,340,585 ",64,FALSE
"65","8-Sep",6,18,309439,"125.20%","-42.90%",548,564,"$214,650,024 ",65,FALSE
"66","9-Sep",7,21,172187,"-44.40%","-68%",548,314,"$214,822,211 ",66,FALSE
"67","10-Sep",1,21,53071,"-69.20%","-87.20%",548,96,"$214,875,282 ",67,FALSE
"68","11-Sep",2,22,65418,"23.30%","-37.10%",548,119,"$214,940,700 ",68,FALSE
"69","12-Sep",3,23,41087,"-37.20%","-36%",548,74,"$214,981,787 ",69,FALSE
"70","13-Sep",4,23,36004,"-12.40%","-37%",548,65,"$215,017,791 ",70,FALSE
"71","14-Sep",5,19,101683,"182.40%","-26%",356,285,"$215,119,474 ",71,FALSE
"72","15-Sep",6,20,185969,"82.90%","-39.90%",356,522,"$215,305,443 ",72,FALSE
"73","16-Sep",7,20,101975,"-45.20%","-40.80%",356,286,"$215,407,418 ",73,FALSE
"74","17-Sep",1,20,29115,"-71.40%","-45.10%",356,81,"$215,436,533 ",74,FALSE
"75","18-Sep",2,20,42384,"45.60%","-35.20%",356,119,"$215,478,917 ",75,FALSE
"76","19-Sep",3,21,33240,"-21.60%","-19.10%",356,93,"$215,512,157 ",76,FALSE
"77","20-Sep",4,22,26049,"-21.60%","-27.60%",356,73,"$215,538,206 ",77,FALSE
"78","21-Sep",5,23,72291,"177.50%","-28.90%",260,278,"$215,610,497 ",78,FALSE
"79","22-Sep",6,22,133320,"84.40%","-28.30%",260,512,"$215,743,817 ",79,FALSE
"80","23-Sep",7,23,64617,"-51.50%","-36.60%",260,248,"$215,808,434 ",80,FALSE
"81","24-Sep",1,22,20847,"-67.70%","-28.40%",260,80,"$215,829,281 ",81,FALSE
"82","25-Sep",2,23,27625,"32.50%","-34.80%",260,106,"$215,856,906 ",82,FALSE
"83","26-Sep",3,25,19661,"-28.80%","-40.90%",260,75,"$215,876,567 ",83,FALSE
"84","27-Sep",4,26,14305,"-27.20%","-45.10%",260,55,"$215,890,872 ",84,FALSE
"85","28-Sep",5,26,68745,"380.60%","-4.90%",258,266,"$215,959,617 ",85,FALSE
"86","29-Sep",6,25,122999,"78.90%","-7.70%",258,476,"$216,082,616 ",86,FALSE
"87","30-Sep",7,27,72077,"-41.40%","11.50%",258,279,"$216,154,693 ",87,FALSE
"88","1-Oct",1,28,18592,"-74.20%","-10.80%",258,72,"$216,173,285 ",88,FALSE
"89","2-Oct",2,27,26006,"39.90%","-5.90%",258,100,"$216,199,291 ",89,FALSE
"90","3-Oct",3,28,18385,"-29.30%","-6.50%",258,71,"$216,217,676 ",90,FALSE
"91","4-Oct",4,26,19150,"4.20%","33.90%",258,74,"$216,236,826 ",91,FALSE
"92","5-Oct",5,30,36441,"90.30%","-47%",178,204,"$216,273,267 ",92,FALSE
"93","6-Oct",6,31,57753,"58.50%","-53%",178,324,"$216,331,020 ",93,FALSE
"94","7-Oct",7,31,39932,"-30.90%","-44.60%",178,224,"$216,370,952 ",94,FALSE
"95","8-Oct",1,31,20630,"-48.30%","11%",178,115,"$216,391,582 ",95,FALSE
"96","9-Oct",2,30,13766,"-33.30%","-47.10%",178,77,"$216,405,348 ",96,FALSE
"97","10-Oct",3,32,12409,"-9.90%","-32.50%",178,69,"$216,417,757 ",97,FALSE
"98","11-Oct",4,30,12183,"-1.80%","-36.40%",178,68,"$216,429,940 ",98,FALSE
"99","12-Oct",5,29,23243,"90.80%","-36.20%",132,176,"$216,453,183 ",99,FALSE
"100","13-Oct",6,29,41799,"79.80%","-27.60%",132,316,"$216,494,982 ",100,FALSE
"101","14-Oct",7,29,24518,"-41.30%","-38.60%",132,185,"$216,519,500 ",101,FALSE
"102","15-Oct",1,32,6764,"-72.40%","-67.20%",132,51,"$216,526,264 ",102,FALSE
"103","16-Oct",2,32,7921,"17.10%","-42.50%",132,60,"$216,534,185 ",103,FALSE
"104","17-Oct",3,31,7060,"-10.90%","-43.10%",132,53,"$216,541,245 ",104,FALSE
"105","18-Oct",4,30,8984,"27.30%","-26.30%",132,68,"$216,550,229 ",105,FALSE
"106","19-Oct",5,33,14070,"56.60%","-39.50%",105,134,"$216,564,299 ",106,FALSE
"107","20-Oct",6,33,23204,"64.90%","-44.50%",105,220,"$216,587,503 ",107,FALSE
"108","21-Oct",7,33,13254,"-42.90%","-45.90%",105,126,"$216,600,757 ",108,FALSE
"109","22-Oct",1,36,3647,"-72.50%","-46.10%",105,34,"$216,604,404 ",109,FALSE
"110","23-Oct",2,35,3597,"-1.40%","-54.60%",105,34,"$216,608,001 ",110,FALSE
"111","24-Oct",3,37,3128,"-13%","-55.70%",105,29,"$216,611,129 ",111,FALSE
"112","25-Oct",4,36,3895,"24.50%","-56.60%",105,37,"$216,615,024 ",112,FALSE
"113","26-Oct",5,44,6807,"74.80%","-51.60%",68,100,"$216,621,831 ",113,FALSE
"114","27-Oct",6,43,11361,"66.90%","-51%",68,167,"$216,633,192 ",114,FALSE
"115","28-Oct",7,44,6868,"-39.50%","-48.20%",68,101,"$216,640,060 ",115,FALSE
"116","29-Oct",1,47,1900,"-72.30%","-47.90%",68,27,"$216,641,960 ",116,FALSE
"117","30-Oct",2,47,2018,"6.20%","-43.90%",68,29,"$216,643,978 ",117,FALSE
"118","31-Oct",3,46,2350,"16.50%","-24.90%",68,34,"$216,646,328 ",118,FALSE
"119","1-Nov",4,46,2412,"2.60%","-38.10%",68,35,"$216,648,740 ",119,FALSE
