"","Date","DOW","Rank","Daily","X...YD","X...LW","Theaters","Avg","To.Date","Day","Estimated"
"1","1-May",5,1,84424532,"-","-",4276,19743,"$84,424,532 ",1,FALSE
"2","2-May",6,1,56526635,"-","-",4276,13219,"$140,951,167 ",3,FALSE
"3","3-May",7,1,50319942,"-11%","-",4276,11767,"$191,271,109 ",3,FALSE
"4","4-May",1,1,13228555,"-73.70%","-",4276,3093,"$204,499,664 ",4,FALSE
"5","5-May",2,1,13132812,"-0.70%","-",4276,3071,"$217,632,476 ",5,FALSE
"6","6-May",3,1,9409838,"-28.30%","-",4276,2200,"$227,042,314 ",6,FALSE
"7","7-May",4,1,8613154,"-8.50%","-",4276,2014,"$235,655,468 ",7,FALSE
"8","8-May",5,1,21232362,"146.50%","-74.90%",4276,4965,"$256,887,830 ",8,FALSE
"9","9-May",6,1,33835656,"59.40%","-40.10%",4276,7912,"$290,723,486 ",9,FALSE
"10","10-May",7,1,22678911,"-33%","-54.90%",4276,5303,"$313,402,397 ",10,FALSE
"11","11-May",1,1,5398779,"-76.20%","-59.20%",4276,1262,"$318,801,176 ",11,FALSE
"12","12-May",2,1,5990413,"11%","-54.40%",4276,1400,"$324,791,589 ",12,FALSE
"13","13-May",3,1,4342154,"-27.50%","-53.90%",4276,1015,"$329,133,743 ",13,FALSE
"14","14-May",4,1,4037065,"-7%","-53.10%",4276,944,"$333,170,808 ",14,FALSE
"15","15-May",5,3,10019125,"148.20%","-52.80%",4276,2343,"$343,189,933 ",15,FALSE
"16","16-May",6,2,17204358,"71.70%","-49.20%",4276,4023,"$360,394,291 ",16,FALSE
"17","17-May",7,3,11636417,"-32.40%","-48.70%",4276,2721,"$372,030,708 ",17,FALSE
"18","18-May",1,3,3435547,"-70.50%","-36.40%",4276,803,"$375,466,255 ",18,FALSE
"19","19-May",2,3,3020580,"-12.10%","-49.60%",4276,706,"$378,486,835 ",19,FALSE
"20","20-May",3,3,2329898,"-22.90%","-46.30%",4276,544,"$380,816,733 ",20,FALSE
"21","21-May",4,3,2353746,"1%","-41.70%",4276,550,"$383,170,479 ",21,FALSE
"22","22-May",5,5,5356424,"127.60%","-46.50%",3727,1437,"$388,526,903 ",22,FALSE
"23","23-May",6,4,8286236,"54.70%","-51.80%",3727,2223,"$396,813,139 ",23,FALSE
"24","24-May",7,4,8049037,"-2.90%","-30.80%",3727,2159,"$404,862,176 ",24,FALSE
"25","25-May",1,4,6507209,"-19.20%","89.40%",3727,1745,"$411,369,385 ",25,FALSE
"26","26-May",2,4,1949182,"-70%","-35.50%",3727,522,"$413,318,567 ",26,FALSE
"27","27-May",3,4,1429415,"-26.70%","-38.60%",3727,383,"$414,747,982 ",27,FALSE
"28","28-May",4,4,1402043,"-1.90%","-40.40%",3727,376,"$416,150,025 ",28,FALSE
"29","29-May",5,6,2883572,"105.70%","-46.20%",3228,893,"$419,033,597 ",29,FALSE
"30","30-May",6,5,4917855,"70.50%","-40.70%",3228,1523,"$423,951,452 ",30,FALSE
"31","31-May",7,5,3599975,"-26.80%","-55.30%",3228,1115,"$427,551,427 ",31,FALSE
"32","1-Jun",1,5,1082288,"-69.90%","-83.40%",3228,335,"$428,633,715 ",32,FALSE
"33","2-Jun",2,5,1261068,"16.50%","-35.30%",3228,390,"$429,894,783 ",33,FALSE
"34","3-Jun",3,6,973884,"-22.80%","-31.90%",3228,301,"$430,868,667 ",34,FALSE
"35","4-Jun",4,6,945229,"-2.90%","-32.60%",3228,292,"$431,813,896 ",35,FALSE
"36","5-Jun",5,8,1842660,"94.90%","-36.10%",2471,745,"$433,656,556 ",36,FALSE
"37","6-Jun",6,8,2656411,"44.20%","-46%",2471,1075,"$436,312,967 ",37,FALSE
"38","7-Jun",7,8,1840592,"-30.70%","-48.90%",2471,744,"$438,153,559 ",38,FALSE
"39","8-Jun",1,8,747554,"-59.40%","-30.90%",2471,302,"$438,901,113 ",39,FALSE
"40","9-Jun",2,8,851565,"13.90%","-32.50%",2471,344,"$439,752,678 ",40,FALSE
"41","10-Jun",3,8,718865,"-15.60%","-26.20%",2471,290,"$440,471,543 ",41,FALSE
"42","11-Jun",4,8,630675,"-12.30%","-33.30%",2471,255,"$441,102,218 ",42,FALSE
"43","12-Jun",5,9,1064656,"68.80%","-42.20%",2156,493,"$442,166,874 ",43,FALSE
"44","13-Jun",6,8,1522453,"43%","-42.70%",2156,706,"$443,689,327 ",44,FALSE
"45","14-Jun",7,8,1087948,"-28.50%","-40.90%",2156,504,"$444,777,275 ",45,FALSE
"46","15-Jun",1,9,451436,"-58.50%","-39.60%",2156,209,"$445,228,711 ",46,FALSE
"47","16-Jun",2,9,502192,"11.20%","-41%",2156,232,"$445,730,903 ",47,FALSE
"48","17-Jun",3,9,442554,"-11.90%","-38.40%",2156,205,"$446,173,457 ",48,FALSE
"49","18-Jun",4,9,426496,"-3.60%","-32.40%",2156,197,"$446,599,953 ",49,FALSE
"50","19-Jun",5,9,734327,"72.20%","-31%",1662,441,"$447,334,280 ",50,FALSE
"51","20-Jun",6,9,1041234,"41.80%","-31.60%",1662,626,"$448,375,514 ",51,FALSE
"52","21-Jun",7,7,1071843,"2.90%","-1.50%",1662,644,"$449,447,357 ",52,FALSE
"53","22-Jun",1,9,325340,"-69.60%","-27.90%",1662,195,"$449,772,697 ",53,FALSE
"54","23-Jun",2,9,390085,"19.90%","-22.30%",1662,234,"$450,162,782 ",54,FALSE
"55","24-Jun",3,9,316379,"-18.90%","-28.50%",1662,190,"$450,479,161 ",55,FALSE
"56","25-Jun",4,9,306094,"-3.30%","-28.20%",1662,184,"$450,785,255 ",56,FALSE
"57","26-Jun",5,9,482413,"57.60%","-34.30%",1097,439,"$451,267,668 ",57,FALSE
"58","27-Jun",6,10,703101,"45.70%","-32.50%",1097,640,"$451,970,769 ",58,FALSE
"59","28-Jun",7,10,503424,"-28.40%","-53%",1097,458,"$452,474,193 ",59,FALSE
"60","29-Jun",1,9,248127,"-50.70%","-23.70%",1097,226,"$452,722,320 ",60,FALSE
"61","30-Jun",2,10,240934,"-2.90%","-38.20%",1097,219,"$452,963,254 ",61,FALSE
"62","1-Jul",3,12,162998,"-32.30%","-48.50%",1097,148,"$453,126,252 ",62,FALSE
"63","2-Jul",4,11,219026,"34.40%","-28.40%",644,340,"$453,345,278 ",63,FALSE
"64","3-Jul",5,12,363582,"66%","-24.60%",589,617,"$453,708,860 ",64,FALSE
"65","4-Jul",6,12,269388,"-25.90%","-61.70%",589,457,"$453,978,248 ",65,FALSE
"66","5-Jul",7,12,253181,"-6%","-49.70%",589,429,"$454,231,429 ",66,FALSE
"67","6-Jul",1,12,140338,"-44.60%","-43.40%",589,238,"$454,371,767 ",67,FALSE
"68","7-Jul",2,12,155118,"10.50%","-35.60%",589,263,"$454,526,885 ",68,FALSE
"69","8-Jul",3,12,136103,"-12.30%","-16.50%",589,231,"$454,662,988 ",69,FALSE
"70","9-Jul",4,12,120094,"-11.80%","-45.20%",589,203,"$454,783,082 ",70,FALSE
"71","10-Jul",5,16,128301,"6.80%","-64.70%",338,379,"$454,911,383 ",71,FALSE
"72","11-Jul",6,17,185695,"44.70%","-31.10%",338,549,"$455,097,078 ",72,FALSE
"73","12-Jul",7,16,141768,"-23.70%","-44%",338,419,"$455,238,846 ",73,FALSE
"74","13-Jul",1,17,69841,"-50.70%","-50.20%",338,206,"$455,308,687 ",74,FALSE
"75","14-Jul",2,17,83314,"19.30%","-46.30%",338,246,"$455,392,001 ",75,FALSE
"76","15-Jul",3,17,74545,"-10.50%","-45.20%",338,220,"$455,466,546 ",76,FALSE
"77","16-Jul",4,17,63821,"-14.40%","-46.90%",338,188,"$455,530,367 ",77,FALSE
