Date,Event,DOW,Rank,Daily,YD%,LW%,Theaters,Avg,To Date,Day,Estimated
Apr 27,,5,1,106334939,,,4474,23767,106334939,1,False
Apr 28,,6,1,82131612,-22.8,,4474,18357,188466551,2,False
Apr 29,,7,1,69231632,-15.7,,4474,15474,257698183,3,False
Apr 30,,1,1,24740117,-64.3,,4474,5529,282438300,4,False
May 1,,2,1,23426108,-5.3,,4474,5236,305864408,5,False
May 2,,3,1,16966862,-27.6,,4474,3792,322831270,6,False
May 3,,4,1,15501270,-8.6,,4474,3464,338332540,7,False
May 4,,5,1,31453749,102.9,-70.4,4474,7030,369786289,8,False
May 5,,6,1,46676705,48.4,-43.2,4474,10432,416462994,9,False
May 6,,7,1,36644356,-21.5,-47.1,4474,8190,453107350,10,False
May 7,,1,1,8283575,-77.4,-66.5,4474,1851,461390925,11,False
May 8,,2,1,10673500,28.9,-54.4,4474,2385,472064425,12,False
May 9,,3,1,7051981,-33.9,-58.4,4474,1576,479116406,13,False
May 10,,4,1,6895697,-2.2,-55.5,4474,1541,486012103,14,False
May 11,,5,1,15986612,131.8,-49.2,4474,3573,501998715,15,False
May 12,,6,1,26938937,68.5,-42.3,4474,6021,528937652,16,False
May 13,,7,1,19152498,-28.9,-47.7,4474,4280,548090150,17,False
May 14,,1,1,4625938,-75.8,-44.2,4474,1033,552716088,18,False
May 15,,2,1,6009292,29.9,-43.7,4474,1343,558725380,19,False
May 16,,3,1,4193985,-30.2,-40.5,4474,937,562919365,20,False
May 17,,4,1,3441594,-17.9,-50.1,4474,769,566360959,21,False
May 18,,5,2,7306785,112.3,-54.3,4002,1825,573667744,22,False
May 19,,6,2,12791859,75.1,-52.5,4002,3196,586459603,23,False
May 20,,7,2,9354259,-26.9,-51.2,4002,2337,595813862,24,False
May 21,,1,2,2708094,-71.0,-41.5,4002,676,598521956,25,False
May 22,,2,2,2859727,5.6,-52.4,4002,714,601381683,26,False
May 23,,3,3,1901495,-33.5,-54.7,4002,475,603283178,27,False
May 24,,4,2,1911460,0.5,-44.5,4002,477,605194638,28,False
May 25,,5,3,4234857,121.6,-42.0,3768,1123,609429495,29,False
May 26,,6,3,6473278,52.9,-49.4,3768,1717,615902773,30,False
May 27,,7,3,6586522,1.7,-29.6,3768,1748,622489295,31,False
May 28,Memorial Day,1,3,5159885,-21.7,90.5,3768,1369,627649180,32,False
May 29,,2,3,1978217,-61.7,-30.8,3768,525,629627397,33,False
May 30,,3,4,1464526,-26.0,-23.0,3768,388,631091923,34,False
May 31,,4,4,1407009,-3.9,-26.4,3768,373,632498932,35,False
Jun 1,,5,4,2819868,100.4,-33.4,3570,789,635318800,36,False
Jun 2,,6,3,4511768,60.0,-30.3,3570,1263,639830568,37,False
Jun 3,,7,3,3175643,-29.6,-51.8,3570,889,643006211,38,False
Jun 4,,1,4,1163591,-63.4,-77.4,3570,325,644169802,39,False
Jun 5,,2,5,1555271,33.7,-21.4,3570,435,645725073,40,False
Jun 6,,3,5,1073676,-31.0,-26.7,3570,300,646798749,41,False
Jun 7,,4,3,1098950,2.4,-21.9,3570,307,647897699,42,False
Jun 8,,5,5,1836286,67.1,-34.9,2882,637,649733985,43,False
Jun 9,,6,5,2998633,63.3,-33.5,2882,1040,652732618,44,False
Jun 10,,7,5,2403780,-19.8,-24.3,2882,834,655136398,45,False
Jun 11,,1,5,922933,-61.6,-20.7,2882,320,656059331,46,False
Jun 12,,2,5,1182541,28.1,-24.0,2882,410,657241872,47,False
Jun 13,,3,6,895177,-24.3,-16.6,2882,310,658137049,48,False
Jun 14,World Cup (Russia),4,6,766901,-14.3,-30.2,2882,266,658903950,49,False
Jun 15,World Cup (Russia),5,8,1454197,89.6,-20.8,2164,671,660358147,50,False
Jun 16,World Cup (Russia),6,8,1992161,37.0,-33.6,2164,920,662350308,51,False
Jun 17,World Cup (Russia),7,7,1995903,0.2,-17.0,2164,922,664346211,52,False
Jun 18,World Cup (Russia),1,8,641605,-67.9,-30.5,2164,296,664987816,53,False
Jun 19,World Cup (Russia),2,8,857456,33.6,-27.5,2164,396,665845272,54,False
Jun 20,World Cup (Russia),3,7,628375,-26.7,-29.8,2164,290,666473647,55,False
Jun 21,World Cup (Russia),4,8,510802,-18.7,-33.4,2164,236,666984449,56,False
Jun 22,World Cup (Russia),5,9,727411,42.4,-50.0,1456,499,667711860,57,False
Jun 23,World Cup (Russia),6,9,1090221,49.9,-45.3,1456,748,668802081,58,False
Jun 24,World Cup (Russia),7,9,766596,-29.7,-61.6,1456,526,669568677,59,False
Jun 25,World Cup (Russia),1,10,352045,-54.1,-45.1,1456,241,669920722,60,False
Jun 26,World Cup (Russia),2,9,470116,33.5,-45.2,1456,322,670390838,61,False
Jun 27,World Cup (Russia),3,9,346667,-26.3,-44.8,1456,238,670737505,62,False
Jun 28,World Cup (Russia),4,9,345207,-0.4,-32.4,1456,237,671082712,63,False
Jun 29,World Cup (Russia),5,12,439213,27.2,-39.6,890,493,671521925,64,False
Jun 30,World Cup (Russia),6,13,615309,40.1,-43.6,890,691,672137234,65,False
Jul 1,World Cup (Russia),7,12,488182,-20.7,-36.3,890,548,672625416,66,False
Jul 2,World Cup (Russia),1,12,288063,-41.0,-18.2,890,323,672913479,67,False
Jul 3,World Cup (Russia),2,12,393874,36.7,-16.2,890,442,673307353,68,False
Jul 4,Independence DayWorld Cup (Russia),3,12,385514,-2.1,11.2,890,433,673692867,69,False
Jul 5,World Cup (Russia),4,13,236607,-38.6,-31.5,890,265,673929474,70,False
Jul 6,World Cup (Russia),5,15,285749,20.8,-34.9,506,564,674215223,71,False
Jul 7,World Cup (Russia),6,15,387255,35.5,-37.1,506,765,674602478,72,False
Jul 8,World Cup (Russia),7,15,263331,-32.0,-46.1,506,520,674865809,73,False
Jul 9,World Cup (Russia),1,15,131183,-50.2,-54.5,506,259,674996992,74,False
Jul 10,World Cup (Russia),2,16,160049,22.0,-59.4,506,316,675157041,75,False
Jul 11,World Cup (Russia),3,14,134060,-16.2,-65.2,506,264,675291101,76,False
Jul 12,World Cup (Russia),4,12,112336,-16.2,-52.5,506,222,675403437,77,False
Jul 13,World Cup (Russia),5,16,179449,59.7,-37.2,375,478,675582886,78,False
Jul 14,World Cup (Russia),6,16,265804,48.1,-31.4,375,708,675848690,79,False
Jul 15,World Cup (Russia),7,16,176127,-33.7,-33.1,375,469,676024817,80,False
Jul 16,,1,16,95577,-45.7,-27.1,375,254,676120394,81,False
Jul 17,,2,16,125174,31.0,-21.8,375,333,676245568,82,False
Jul 18,,3,17,96512,-22.9,-28.0,375,257,676342080,83,False
Jul 19,,4,15,91442,-5.3,-18.6,375,243,676433522,84,False
Jul 20,,5,21,114703,25.4,-36.1,294,390,676548225,85,False
Jul 21,,6,20,173427,51.2,-34.8,294,589,676721652,86,False
Jul 22,,7,22,137336,-20.8,-22.0,294,467,676858988,87,False
Jul 23,,1,21,73028,-46.8,-23.6,294,248,676932016,88,False
Jul 24,,2,20,88989,21.9,-28.9,294,302,677021005,89,False
Jul 25,,3,21,74534,-16.2,-22.8,294,253,677095539,90,False
Jul 26,,4,21,60539,-18.8,-33.8,294,205,677156078,91,False
Jul 27,,5,21,115836,91.3,1.0,292,396,677271914,92,False
Jul 28,,6,22,163772,41.4,-5.6,292,560,677435686,93,False
Jul 29,,7,21,126400,-22.8,-8.0,292,432,677562086,94,False
Jul 30,,1,22,61889,-51.0,-15.3,292,211,677623975,95,False
Jul 31,,2,22,74496,20.4,-16.3,292,255,677698471,96,False
Aug 1,,3,23,60912,-18.2,-18.3,292,208,677759383,97,False
Aug 2,,4,22,57450,-5.7,-5.1,292,196,677816833,98,False
Aug 3,,5,24,71327,24.2,-38.4,205,347,677888160,99,False
Aug 4,,6,25,102563,43.8,-37.4,205,500,677990723,100,False
Aug 5,,7,24,79956,-22.0,-36.7,205,390,678070679,101,False
Aug 6,,1,25,37182,-53.5,-39.9,205,181,678107861,102,False
Aug 7,,2,25,40487,8.9,-45.7,205,197,678148348,103,False
Aug 8,,3,26,35985,-11.1,-40.9,205,175,678184333,104,False
Aug 9,,4,25,31774,-11.7,-44.7,205,154,678216107,105,False
Aug 10,,5,25,54164,70.5,-24.1,172,314,678270271,106,False
Aug 11,,6,25,83439,54.0,-18.6,172,485,678353710,107,False
Aug 12,,7,27,51971,-37.7,-35.0,172,302,678405681,108,False
Aug 13,,1,28,24153,-53.5,-35.0,172,140,678429834,109,False
Aug 14,,2,28,23619,-2.2,-41.7,172,137,678453453,110,False
Aug 15,,3,29,19040,-19.4,-47.1,172,110,678472493,111,False
Aug 16,,4,30,18376,-3.5,-42.2,172,106,678490869,112,False
Aug 17,,5,31,27427,49.3,-49.4,148,185,678518296,113,False
Aug 18,,6,32,42753,55.9,-48.8,148,288,678561049,114,False
Aug 19,,7,31,30382,-28.9,-41.5,148,205,678591431,115,False
Aug 20,,1,35,9993,-67.1,-58.6,148,67,678601424,116,False
Aug 21,,2,36,11661,16.7,-50.6,148,78,678613085,117,False
Aug 22,,3,36,9201,-21.1,-51.7,148,62,678622286,118,False
Aug 23,,4,36,8394,-8.8,-54.3,148,56,678630680,119,False
Aug 24,,5,42,12487,48.8,-54.5,108,115,678643167,120,False
Aug 25,,6,40,24708,97.9,-42.2,108,228,678667875,121,False
Aug 26,,7,39,17811,-27.9,-41.4,108,164,678685686,122,False
Aug 27,,1,44,4850,-72.8,-51.5,108,44,678690536,123,False
Aug 28,,2,44,5551,14.5,-52.4,108,51,678696087,124,False
Aug 29,,3,42,5141,-7.4,-44.1,108,47,678701228,125,False
Aug 30,,4,41,5936,15.5,-29.3,108,54,678707164,126,False
Aug 31,,5,44,12082,103.5,-3.2,92,131,678719246,127,False
Sep 1,,6,38,25057,107.4,1.4,92,272,678744303,128,False
Sep 2,,7,42,21923,-12.5,23.1,92,238,678766226,129,False
Sep 3,Labor Day,1,43,15041,-31.4,210.1,92,163,678781267,130,False
Sep 4,,2,47,2816,-81.3,-49.3,92,30,678784083,131,False
Sep 5,,3,47,2502,-11.2,-51.3,92,27,678786585,132,False
Sep 6,,4,48,2118,-15.3,-64.3,92,23,678788703,133,False
Sep 7,,5,50,4196,98.1,-65.3,60,69,678792899,134,False
Sep 8,,6,46,9558,127.8,-61.9,60,159,678802457,135,False
Sep 9,,7,48,6543,-31.5,-70.2,60,109,678809000,136,False
Sep 10,,1,52,1450,-77.8,-90.4,60,24,678810450,137,False
Sep 11,,2,53,1616,11.4,-42.6,60,26,678812066,138,False
Sep 12,,3,53,1608,-0.5,-35.7,60,26,678813674,139,False
Sep 13,,4,53,1808,12.4,-14.6,60,30,678815482,140,False
