"","Date","DOW","Rank","Daily","X...YD","X...LW","Theaters","Avg","To.Date","Day","Estimated"
"1","16-Feb",5,1,75941146,"-","-",4020,18890,75941146,1,FALSE
"2","17-Feb",6,1,65995366,"-13.10%","-",4020,16416,141936512,2,FALSE
"3","18-Feb",7,1,60067439,"-9%","-",4020,14942,202003951,3,FALSE
"4","19-Feb",1,1,40151729,"-33.20%","-",4020,9987,242155680,4,FALSE
"5","20-Feb",2,1,20857361,"-48.10%","-72.50%",4020,5188,263013041,5,FALSE
"6","21-Feb",3,1,14688057,"-29.60%","-77.70%",4020,3653,277701098,6,FALSE
"7","22-Feb",4,1,14253324,"-3%","-76.30%",4020,3545,291954422,7,FALSE
"8","23-Feb",5,1,28789877,"102%","-62.10%",4020,7161,320744299,8,FALSE
"9","24-Feb",6,1,47553478,"65.20%","-27.90%",4020,11829,368297777,9,FALSE
"10","25-Feb",7,1,35315480,"-25.70%","-41.20%",4020,8784,403613257,10,FALSE
"11","26-Feb",1,1,8098481,"-77.10%","-79.80%",4020,2014,411711738,11,FALSE
"12","27-Feb",2,1,10204038,"26%","-51.10%",4020,2538,421915776,12,FALSE
"13","28-Feb",3,1,6876570,"-32.60%","-53.20%",4020,1710,428792346,13,FALSE
"14","1-Mar",4,1,6607691,"-3.90%","-53.60%",4020,1643,435400037,14,FALSE
"15","2-Mar",5,1,16257536,"146%","-43.50%",4084,3980,451657573,15,FALSE
"16","3-Mar",6,1,30052665,"84.90%","-36.80%",4084,7358,481710238,16,FALSE
"17","4-Mar",7,1,19996734,"-33.50%","-43.40%",4084,4896,501706972,17,FALSE
"18","5-Mar",1,1,4720738,"-76.40%","-41.70%",4084,1155,506427710,18,FALSE
"19","6-Mar",2,1,6258583,"32.60%","-38.70%",4084,1532,512686293,19,FALSE
"20","7-Mar",3,1,3941783,"-37%","-42.70%",4084,965,516628076,20,FALSE
"21","8-Mar",4,1,4251525,"7.90%","-35.70%",4084,1041,520879601,21,FALSE
"22","9-Mar",5,2,10018784,"135.70%","-38.40%",3942,2541,530898385,22,FALSE
"23","10-Mar",6,1,18352112,"83.20%","-38.90%",3942,4655,549250497,23,FALSE
"24","11-Mar",7,1,12446683,"-32.20%","-37.80%",3942,3157,561697180,24,FALSE
"25","12-Mar",1,1,4035653,"-67.60%","-14.50%",3942,1023,565732833,25,FALSE
"26","13-Mar",2,1,5167907,"28.10%","-17.40%",3942,1310,570900740,26,FALSE
"27","14-Mar",3,1,3843374,"-25.60%","-2.50%",3942,974,574744114,27,FALSE
"28","15-Mar",4,1,3632414,"-5.50%","-14.60%",3942,921,578376528,28,FALSE
"29","16-Mar",5,2,7482380,"106%","-25.30%",3834,1951,585858908,29,FALSE
"30","17-Mar",6,1,11558877,"54.50%","-37%",3834,3014,597417785,30,FALSE
"31","18-Mar",7,1,7609433,"-34.20%","-38.90%",3834,1984,605027218,31,FALSE
"32","19-Mar",1,1,2188463,"-71.20%","-45.80%",3834,570,607215681,32,FALSE
"33","20-Mar",2,1,2834515,"29.50%","-45.20%",3834,739,610050196,33,FALSE
"34","21-Mar",3,1,2052932,"-27.60%","-46.60%",3834,535,612103128,34,FALSE
"35","22-Mar",4,1,2155108,"5%","-40.70%",3834,562,614258236,35,FALSE
"36","23-Mar",5,2,4415270,"104.90%","-41%",3370,1310,618673506,36,FALSE
"37","24-Mar",6,2,7643962,"73.10%","-33.90%",3370,2268,626317468,37,FALSE
"38","25-Mar",7,2,5040386,"-34.10%","-33.80%",3370,1495,631357854,38,FALSE
"39","26-Mar",1,2,1819598,"-63.90%","-16.90%",3370,539,633177452,39,FALSE
"40","27-Mar",2,2,2456628,"35%","-13.30%",3370,728,635634080,40,FALSE
"41","28-Mar",3,1,1742732,"-29.10%","-15.10%",3370,517,637376812,41,FALSE
"42","29-Mar",4,2,2059822,"18.20%","-4.40%",3370,611,639436634,42,FALSE
"43","30-Mar",5,3,4090617,"98.60%","-7.40%",2988,1369,643527251,43,FALSE
"44","31-Mar",6,3,4300222,"5.10%","-43.70%",2988,1439,647827473,44,FALSE
"45","1-Apr",7,3,3096076,"-28%","-38.60%",2988,1036,650923549,45,FALSE
"46","2-Apr",1,3,1635447,"-47.20%","-10.10%",2988,547,652558996,46,FALSE
"47","3-Apr",2,3,1667090,"1.90%","-32.10%",2988,557,654226086,47,FALSE
"48","4-Apr",3,2,1397293,"-16.20%","-19.80%",2988,467,655623379,48,FALSE
"49","5-Apr",4,2,1302361,"-6.80%","-36.80%",2988,435,656925740,49,FALSE
"50","6-Apr",5,5,2348902,"80.40%","-42.60%",2747,855,659274642,50,FALSE
"51","7-Apr",6,4,3929037,"67.30%","-8.60%",2747,1430,663203679,51,FALSE
"52","8-Apr",7,4,2427029,"-38.20%","-21.60%",2747,883,665630708,52,FALSE
"53","9-Apr",1,4,641593,"-73.60%","-60.80%",2747,233,666272301,53,FALSE
"54","10-Apr",2,4,923753,"44%","-44.60%",2747,336,667196054,54,FALSE
"55","11-Apr",3,4,632898,"-31.50%","-54.70%",2747,230,667828952,55,FALSE
"56","12-Apr",4,4,626570,"-1%","-51.90%",2747,228,668455522,56,FALSE
"57","13-Apr",5,7,1449293,"131.30%","-38.30%",2180,664,669904815,57,FALSE
"58","14-Apr",6,6,2505569,"72.90%","-36.20%",2180,1149,672410384,58,FALSE
"59","15-Apr",7,6,1823034,"-27.20%","-24.90%",2180,836,674233418,59,FALSE
"60","16-Apr",1,7,535137,"-70.60%","-16.60%",2180,245,674768555,60,FALSE
"61","17-Apr",2,6,613868,"14.70%","-33.50%",2180,281,675382423,61,FALSE
"62","18-Apr",3,6,505165,"-17.70%","-20.20%",2180,231,675887588,62,FALSE
"63","19-Apr",4,6,554521,"9.80%","-11.50%",2180,254,676442109,63,FALSE
"64","20-Apr",5,10,1225404,"121%","-15.40%",1930,634,677667513,64,FALSE
"65","21-Apr",6,8,2229298,"81.90%","-11%",1930,1155,679896811,65,FALSE
"66","22-Apr",7,8,1477925,"-33.70%","-18.90%",1930,765,681374736,66,FALSE
"67","23-Apr",1,8,459094,"-68.90%","-14.20%",1930,237,681833830,67,FALSE
"68","24-Apr",2,7,661084,"44%","7.70%",1930,342,682494914,68,FALSE
"69","25-Apr",3,5,609661,"-7.80%","20.70%",1930,315,683104575,69,FALSE
"70","26-Apr",4,5,523914,"-14.10%","-5.50%",1930,271,683628489,70,FALSE
"71","27-Apr",5,5,1369846,"161.50%","11.80%",1650,830,684998335,71,FALSE
"72","28-Apr",6,5,2110787,"54.10%","-5.30%",1650,1279,687109122,72,FALSE
"73","29-Apr",7,5,1255795,"-40.50%","-15%",1650,761,688364917,73,FALSE
"74","30-Apr",1,5,431177,"-65.70%","-6.10%",1650,261,688796094,74,FALSE
"75","1-May",2,5,479309,"11.20%","-27.50%",1650,290,689275403,75,FALSE
"76","2-May",3,5,350729,"-26.80%","-42.50%",1650,212,689626132,76,FALSE
"77","3-May",4,6,354483,"1.10%","-32.30%",1650,214,689980615,77,FALSE
"78","4-May",5,7,927743,"161.70%","-32.30%",1641,565,690908358,78,FALSE
"79","5-May",6,6,1512050,"63%","-28.40%",1641,921,692420408,79,FALSE
"80","6-May",7,7,815184,"-46.10%","-35.10%",1641,496,693235592,80,FALSE
"81","7-May",1,7,241681,"-70.40%","-43.90%",1641,147,693477273,81,FALSE
"82","8-May",2,7,311374,"28.80%","-35%",1641,189,693788647,82,FALSE
"83","9-May",3,7,232496,"-25.30%","-33.70%",1641,141,694021143,83,FALSE
"84","10-May",4,7,233468,"0.40%","-34.10%",1641,142,694254611,84,FALSE
"85","11-May",5,9,556249,"138.30%","-40%",1370,406,694810860,85,FALSE
"86","12-May",6,8,900185,"61.80%","-40.50%",1370,657,695711045,86,FALSE
"87","13-May",7,9,620773,"-31%","-23.80%",1370,453,696331818,87,FALSE
"88","14-May",1,9,162347,"-73.80%","-32.80%",1370,118,696494165,88,FALSE
"89","15-May",2,9,198067,"22%","-36.40%",1370,144,696692232,89,FALSE
"90","16-May",3,9,160829,"-18.80%","-30.80%",1370,117,696853061,90,FALSE
"91","17-May",4,10,108724,"-32.40%","-53.40%",1370,79,696961785,91,FALSE
"92","18-May",5,13,226955,"108.70%","-59.20%",935,242,697188740,92,FALSE
"93","19-May",6,13,391144,"72.30%","-56.50%",935,418,697579884,93,FALSE
"94","20-May",7,13,242343,"-38%","-61%",935,259,697822227,94,FALSE
"95","21-May",1,13,81235,"-66.50%","-50%",935,86,697903462,95,FALSE
"96","22-May",2,13,88204,"8.60%","-55.50%",935,94,697991666,96,FALSE
"97","23-May",3,14,78622,"-10.90%","-51.10%",935,84,698070288,97,FALSE
"98","24-May",4,13,65954,"-16.10%","-39.30%",935,70,698136242,98,FALSE
"99","25-May",5,14,121934,"84.90%","-46.30%",440,277,698258176,99,FALSE
"100","26-May",6,14,189036,"55%","-51.70%",440,429,698447212,100,FALSE
"101","27-May",7,15,170136,"-10%","-29.80%",440,386,698617348,101,FALSE
"102","28-May",1,14,127885,"-24.80%","57.40%",440,290,698745233,102,FALSE
"103","29-May",2,14,49508,"-61.30%","-43.90%",440,112,698794741,103,FALSE
"104","30-May",3,16,43627,"-11.90%","-44.50%",440,99,698838368,104,FALSE
"105","31-May",4,16,44581,"2.20%","-32.40%",440,101,698882949,105,FALSE
"106","1-Jun",5,18,70350,"57.80%","-42.30%",284,247,698953299,106,FALSE
"107","2-Jun",6,18,110148,"56.60%","-41.70%",284,387,699063447,107,FALSE
"108","3-Jun",7,20,66403,"-39.70%","-61%",284,233,699129850,108,FALSE
"109","4-Jun",1,19,30750,"-53.70%","-76%",284,108,699160600,109,FALSE
"110","5-Jun",2,20,33500,"8.90%","-32.30%",284,117,699194100,110,FALSE
"111","6-Jun",3,20,29757,"-11.20%","-31.80%",284,104,699223857,111,FALSE
"112","7-Jun",4,21,27210,"-8.60%","-39%",284,95,699251067,112,FALSE
"113","8-Jun",5,24,37265,"37%","-47%",186,200,699288332,113,FALSE
"114","9-Jun",6,22,58555,"57.10%","-46.80%",186,314,699346887,114,FALSE
"115","10-Jun",7,24,42873,"-26.80%","-35.40%",186,230,699389760,115,FALSE
"116","11-Jun",1,27,17538,"-59.10%","-43%",186,94,699407298,116,FALSE
"117","12-Jun",2,27,21765,"24.10%","-35%",186,117,699429063,117,FALSE
"118","13-Jun",3,27,22113,"1.60%","-25.70%",186,118,699451176,118,FALSE
"119","14-Jun",4,28,17178,"-22.30%","-36.90%",186,92,699468354,119,FALSE
"120","15-Jun",5,26,44906,"161.40%","20.50%",146,307,699513260,120,FALSE
"121","16-Jun",6,26,62110,"38.30%","6.10%",146,425,699575370,121,FALSE
"122","17-Jun",7,28,37967,"-38.90%","-11.40%",146,260,699613337,122,FALSE
"123","18-Jun",1,28,11964,"-68.50%","-31.80%",146,81,699625301,123,FALSE
"124","19-Jun",2,28,16329,"36.50%","-25%",146,111,699641630,124,FALSE
"125","20-Jun",3,29,14844,"-9.10%","-32.90%",146,101,699656474,125,FALSE
"126","21-Jun",4,28,14994,"1%","-12.70%",146,102,699671468,126,FALSE
"127","22-Jun",5,26,24089,"60.70%","-46.40%",115,209,699695557,127,FALSE
"128","23-Jun",6,26,31741,"31.80%","-48.90%",115,276,699727298,128,FALSE
"129","24-Jun",7,28,19895,"-37.30%","-47.60%",115,173,699747193,129,FALSE
"130","25-Jun",1,31,7751,"-61%","-35.20%",115,67,699754944,130,FALSE
"131","26-Jun",2,29,9390,"21.10%","-42.50%",115,81,699764334,131,FALSE
"132","27-Jun",3,30,9023,"-3.90%","-39.20%",115,78,699773357,132,FALSE
"133","28-Jun",4,28,11341,"25.70%","-24.40%",115,98,699784698,133,FALSE
"134","29-Jun",5,34,9506,"-16.20%","-60.50%",80,118,699794204,134,FALSE
"135","30-Jun",6,35,12578,"32.30%","-60.40%",80,157,699806782,135,FALSE
"136","1-Jul",7,34,10340,"-17.80%","-48%",80,129,699817122,136,FALSE
"137","2-Jul",1,35,5385,"-47.90%","-30.50%",80,67,699822507,137,FALSE
"138","3-Jul",2,35,6679,"24%","-28.90%",80,83,699829186,138,FALSE
"139","4-Jul",3,34,8150,"22%","-9.70%",80,101,699837336,139,FALSE
"140","5-Jul",4,36,7371,"-9.60%","-35%",80,92,699844707,140,FALSE
"141","6-Jul",5,35,11902,"61.50%","25.20%",52,228,699856609,141,FALSE
"142","7-Jul",6,36,13193,"10.80%","4.90%",52,253,699869802,142,FALSE
"143","8-Jul",7,35,6017,"-54.40%","-41.80%",52,115,699875819,143,FALSE
"144","9-Jul",1,37,2408,"-60%","-55.30%",52,46,699878227,144,FALSE
"145","10-Jul",2,36,3182,"32.10%","-52.40%",52,61,699881409,145,FALSE
"146","11-Jul",3,37,2460,"-22.70%","-69.80%",52,47,699883869,146,FALSE
"147","12-Jul",4,36,3124,"27%","-57.60%",52,60,699886993,147,FALSE
"148","13-Jul",5,40,4738,"51.70%","-60.20%",28,169,699891731,148,FALSE
"149","14-Jul",6,40,5527,"16.70%","-58.10%",28,197,699897258,149,FALSE
"150","15-Jul",7,42,3594,"-35%","-40.30%",28,128,699900852,150,FALSE
"151","16-Jul",1,40,1227,"-65.90%","-49%",28,43,699902079,151,FALSE
"152","17-Jul",2,39,1801,"46.80%","-43.40%",28,64,699903880,152,FALSE
"153","18-Jul",3,41,1509,"-16.20%","-38.70%",28,53,699905389,153,FALSE
"154","19-Jul",4,38,1473,"-2.40%","-52.80%",28,52,699906862,154,FALSE
"155","20-Jul",5,41,7212,"389.60%","52.20%",154,46,699914074,155,FALSE
"156","21-Jul",6,39,10269,"42.40%","85.80%",154,66,699924343,156,FALSE
"157","22-Jul",7,42,7964,"-22.40%","121.60%",154,51,699932307,157,FALSE
"158","23-Jul",1,40,5121,"-35.70%","317.40%",154,33,699937428,158,FALSE
"159","24-Jul",2,39,5876,"14.70%","226.30%",154,38,699943304,159,FALSE
"160","25-Jul",3,39,5292,"-9.90%","250.70%",154,34,699948596,160,FALSE
"161","26-Jul",4,41,3838,"-27.50%","160.60%",154,24,699952434,161,FALSE
"162","27-Jul",5,45,1070,"-72.10%","-85.20%",15,71,699953504,162,FALSE
"163","28-Jul",6,46,780,"-27.10%","-92.40%",15,52,699954284,163,FALSE
"164","29-Jul",7,46,651,"-16.50%","-91.80%",15,43,699954935,164,FALSE
"165","30-Jul",1,46,404,"-37.90%","-92.10%",15,26,699955339,165,FALSE
"166","31-Jul",2,44,693,"71.50%","-88.20%",15,46,699956032,166,FALSE
"167","1-Aug",3,49,400,"-42.30%","-92.40%",15,26,699956432,167,FALSE
"168","2-Aug",4,33,12594,"3048.50%","228.10%",15,839,699969026,168,FALSE
"169","3-Aug",5,35,15389,"22.20%","1338.20%",25,615,699984415,169,FALSE
"170","4-Aug",6,37,11846,"-23%","1418.70%",25,473,699996261,170,FALSE
"171","5-Aug",7,37,10154,"-14.30%","1459.80%",25,406,700006415,171,FALSE
"172","6-Aug",1,35,11434,"12.60%","2730.20%",25,457,700017849,172,FALSE
"173","7-Aug",2,35,15236,"33.30%","2098.60%",25,609,700033085,173,FALSE
"174","8-Aug",3,34,14452,"-5.10%","3513%",25,578,700047537,174,FALSE
"175","9-Aug",4,33,12029,"-16.80%","-4.50%",25,481,700059566,175,FALSE
