Date,Event,DOW,Rank,Daily,YD%,LW%,Theaters,Avg,To Date,Day,Estimated
Nov 11,,5,1,84285721,,,4396,19173,84285721,1,False
Nov 12,,6,1,56131051,-33.4,,4396,12768,140416772,2,False
Nov 13,,7,1,40922989,-27.1,,4396,9309,181339761,3,False
Nov 14,,1,1,11125499,-72.8,,4396,2530,192465260,4,False
Nov 15,,2,1,12636707,13.6,,4396,2874,205101967,5,False
Nov 16,,3,1,8110601,-35.8,,4396,1844,213212568,6,False
Nov 17,,4,1,7480079,-7.8,,4396,1701,220692647,7,False
Nov 18,,5,1,17999138,140.6,-78.6,4396,4094,238691785,8,False
Nov 19,,6,1,28772668,59.9,-48.7,4396,6545,267464453,9,False
Nov 20,,7,1,19710460,-31.5,-51.8,4396,4483,287174913,10,False
Nov 21,World Cup (Qatar),1,1,7002759,-64.5,-37.1,4396,1592,294177672,11,False
Nov 22,World Cup (Qatar),2,1,9492924,35.6,-24.9,4396,2159,303670596,12,False
Nov 23,World Cup (Qatar),3,1,10052869,5.9,23.9,4290,2343,313723465,13,False
Nov 24,ThanksgivingWorld Cup (Qatar),4,1,8164083,-18.8,9.1,4290,1903,321887548,14,False
Nov 25,World Cup (Qatar),5,1,18230476,123.3,1.3,4290,4249,340118024,15,False
Nov 26,World Cup (Qatar),6,1,17599193,-3.5,-38.8,4290,4102,357717217,16,False
Nov 27,World Cup (Qatar),7,1,9754235,-44.6,-50.5,4290,2273,367471452,17,False
Nov 28,World Cup (Qatar),1,1,2208258,-77.4,-68.5,4290,514,369679710,18,False
Nov 29,World Cup (Qatar),2,1,2681411,21.4,-71.8,4290,625,372361121,19,False
Nov 30,World Cup (Qatar),3,1,1918716,-28.4,-80.9,4290,447,374279837,20,False
Dec 1,World Cup (Qatar),4,1,1851240,-3.5,-77.3,4290,431,376131077,21,False
Dec 2,World Cup (Qatar),5,2,4459381,140.9,-75.5,3855,1156,380590458,22,False
Dec 3,World Cup (Qatar),6,1,8171837,83.3,-53.6,3855,2119,388762295,23,False
Dec 4,World Cup (Qatar),7,1,4908833,-39.9,-49.7,3855,1273,393671128,24,False
Dec 5,World Cup (Qatar),1,1,1162850,-76.3,-47.3,3855,301,394833978,25,False
Dec 6,World Cup (Qatar),2,1,1567075,34.8,-41.6,3855,406,396401053,26,False
Dec 7,World Cup (Qatar),3,1,1144653,-27.0,-40.3,3855,296,397545706,27,False
Dec 8,World Cup (Qatar),4,1,1165072,1.8,-37.1,3855,302,398710778,28,False
Dec 9,World Cup (Qatar),5,1,2860689,145.5,-35.9,3725,767,401571467,29,False
Dec 10,World Cup (Qatar),6,1,5178818,81.0,-36.6,3725,1390,406750285,30,False
Dec 11,World Cup (Qatar),7,1,3195195,-38.3,-34.9,3725,857,409945480,31,False
Dec 12,World Cup (Qatar),1,1,903453,-71.7,-22.3,3725,242,410848933,32,False
Dec 13,World Cup (Qatar),2,1,1144342,26.7,-27.0,3725,307,411993275,33,False
Dec 14,World Cup (Qatar),3,1,909059,-20.6,-20.6,3725,244,412902334,34,False
Dec 15,World Cup (Qatar),4,1,688851,-24.2,-40.9,3725,184,413591185,35,False
Dec 16,World Cup (Qatar),5,2,1459454,111.9,-49.0,3380,431,415050639,36,False
Dec 17,World Cup (Qatar),6,2,2274228,55.8,-56.1,3380,672,417324867,37,False
Dec 18,World Cup (Qatar),7,2,1613161,-29.1,-49.5,3380,477,418938028,38,False
Dec 19,,1,2,836634,-48.1,-7.4,3380,247,419774662,39,False
Dec 20,,2,2,1100937,31.6,-3.8,3380,325,420875599,40,False
Dec 21,,3,3,898080,-18.4,-1.2,3200,280,421773679,41,False
Dec 22,,4,3,881722,-1.8,28.0,3200,275,422655401,42,False
Dec 23,,5,5,986968,11.9,-32.4,2250,438,423642369,43,False
Dec 24,,6,4,785679,-20.4,-65.5,2250,349,424428048,44,False
Dec 25,Christmas Day,7,5,1719937,118.9,6.6,2250,764,426147985,45,False
Dec 26,,1,3,2014246,17.1,140.8,2250,895,428162231,46,False
Dec 27,,2,3,1784546,-11.4,62.1,2250,793,429946777,47,False
Dec 28,,3,3,1608074,-9.9,79.1,2250,714,431554851,48,False
Dec 29,,4,3,1590802,-1.1,80.4,2250,707,433145653,49,False
Dec 30,,5,3,1931001,21.4,95.6,2310,835,435076654,50,False
Dec 31,New Year's Eve,6,3,1422992,-26.3,81.1,2310,616,436499646,51,False
Jan 1,New Year's Day,7,3,1791721,25.9,4.2,2310,775,438291367,52,False
Jan 2,,1,3,1643640,-8.3,-18.4,2310,711,439935007,53,False
Jan 3,,2,3,852850,-48.1,-52.2,178,4791,440787857,54,False
Jan 4,,3,3,665349,-22.0,-58.6,178,3737,441453206,55,False
Jan 5,,4,3,586410,-11.9,-63.1,178,3294,442039616,56,False
Jan 6,,5,5,972586,65.9,-49.6,2255,431,443012202,57,False
Jan 7,,6,5,1600077,64.5,12.4,2255,709,444612279,58,False
Jan 8,,7,5,950793,-40.6,-46.9,2255,421,445563072,59,False
Jan 9,,1,5,323653,-66.0,-80.3,2255,143,445886725,60,False
Jan 10,,2,5,393707,21.6,-53.8,2255,174,446280432,61,False
Jan 11,,3,6,332614,-15.5,-50.0,2255,147,446613046,62,False
Jan 12,,4,5,299326,-10.0,-49.0,2255,132,446912372,63,False
Jan 13,,5,7,544042,81.8,-44.1,1910,284,447456414,64,False
Jan 14,,6,7,1058974,94.6,-33.8,1910,554,448515388,65,False
Jan 15,,7,7,862247,-18.6,-9.3,1910,451,449377635,66,False
Jan 16,MLK Day,1,6,634523,-26.4,96.1,1910,332,450012158,67,False
Jan 17,,2,8,189032,-70.2,-52.0,1910,98,450201190,68,False
Jan 18,,3,8,135713,-28.2,-59.2,1910,71,450336903,69,False
Jan 19,,4,8,143849,6.0,-51.9,1910,75,450480752,70,False
Jan 20,,5,10,337361,134.5,-38.0,1525,221,450818113,71,False
Jan 21,,6,8,668848,98.3,-36.8,1525,438,451486961,72,False
Jan 22,,7,10,356400,-46.7,-58.7,1525,233,451843361,73,False
Jan 23,,1,9,108772,-69.5,-82.9,1525,71,451952133,74,False
Jan 24,,2,9,125116,15.0,-33.8,1525,82,452077249,75,False
Jan 25,,3,10,97770,-21.9,-28.0,1525,64,452175019,76,False
Jan 26,,4,11,98874,1.1,-31.3,1525,64,452273893,77,False
Jan 27,,5,18,177985,80.0,-47.2,1030,172,452451878,78,False
Jan 28,,6,15,390221,119.2,-41.7,1030,378,452842099,79,False
Jan 29,,7,15,189369,-51.5,-46.9,1030,183,453031468,80,False
Jan 30,,1,14,60830,-67.9,-44.1,1030,59,453092298,81,False
Jan 31,,2,16,63982,5.2,-48.9,1030,62,453156280,82,False
Feb 1,,3,14,53475,-16.4,-45.3,1030,51,453209755,83,False
Feb 2,,4,15,41845,-21.7,-57.7,1030,40,453251600,84,False
Feb 3,,5,19,48823,16.7,-72.6,430,113,453300423,85,False
Feb 4,,6,18,111125,127.6,-71.5,430,258,453411548,86,False
Feb 5,,7,19,62776,-43.5,-66.8,430,145,453474324,87,False
Feb 6,,1,20,17097,-72.8,-71.9,430,39,453491421,88,False
Feb 7,,2,18,20871,22.1,-67.4,430,48,453512292,89,False
Feb 8,,3,19,18155,-13.0,-66.0,430,42,453530447,90,False
Feb 9,,4,18,15932,-12.2,-61.9,430,37,453546379,91,False
Feb 10,,5,22,19332,21.3,-60.4,200,96,453565711,92,False
Feb 11,,6,20,43378,124.4,-61.0,200,216,453609089,93,False
Feb 12,,7,21,17236,-60.3,-72.5,200,86,453626325,94,False
Feb 13,,1,22,8687,-49.6,-49.2,200,43,453635012,95,False
Feb 14,,2,22,20034,130.6,-4.0,200,100,453655046,96,False
Feb 15,,3,24,8623,-57.0,-52.5,200,43,453663669,97,False
Feb 16,,4,24,7325,-15.1,-54.0,200,36,453670994,98,False
Feb 17,,5,25,11451,56.3,-40.8,75,152,453682445,99,False
Feb 18,,6,23,19053,66.4,-56.1,75,254,453701498,100,False
Feb 19,,7,26,11182,-41.3,-35.1,75,149,453712680,101,False
Feb 20,Presidents' Day,1,26,5636,-49.6,-35.1,75,75,453718316,102,False
Feb 21,,2,30,3515,-37.6,-82.5,75,46,453721831,103,False
Feb 22,,3,27,4266,21.4,-50.5,75,56,453726097,104,False
Feb 23,,4,29,2537,-40.5,-65.4,75,33,453728634,105,False
Feb 24,,5,26,15334,504.4,33.9,230,66,453743968,106,False
Feb 25,,6,25,26844,75.1,40.9,230,116,453770812,107,False
Feb 26,,7,26,15948,-40.6,42.6,230,69,453786760,108,False
Feb 27,,1,27,4293,-73.1,-23.8,230,18,453791053,109,False
Feb 28,,2,28,6639,54.6,88.9,230,28,453797692,110,False
Mar 1,,3,25,5059,-23.8,18.6,230,21,453802751,111,False
Mar 2,,4,26,4830,-4.5,90.4,230,21,453807581,112,False
Mar 3,,5,35,2422,-49.9,-84.2,40,60,453810003,113,False
Mar 4,,6,36,4272,76.4,-84.1,40,106,453814275,114,False
Mar 5,,7,35,3663,-14.3,-77.0,40,91,453817938,115,False
Mar 6,,1,38,529,-85.6,-87.7,40,13,453818467,116,False
Mar 7,,2,36,1285,142.9,-80.6,40,32,453819752,117,False
Mar 8,,3,37,637,-50.4,-87.4,40,15,453820389,118,False
Mar 9,,4,30,3340,424.3,-30.8,40,83,453823729,119,False
Mar 10,,5,39,870,-74.0,-64.1,30,29,453824599,120,False
Mar 11,,6,38,1388,59.5,-67.5,30,46,453825987,121,False
Mar 12,,7,35,1148,-17.3,-68.7,30,38,453827135,122,False
Mar 13,,1,37,350,-69.5,-33.8,30,11,453827485,123,False
Mar 14,,2,35,472,34.9,-63.3,30,15,453827957,124,False
Mar 15,,3,36,445,-5.7,-30.1,30,14,453828402,125,False
Mar 16,,4,33,658,47.9,-80.3,30,21,453829060,126,False
