"","Date","DOW","Rank","Daily","X...YD","X...LW","Theaters","Avg","To.Date","Day","Estimated"
"1","11-Nov",5,1,84285721,"-","-",4396,19173,"$84,285,721 ",1,FALSE
"2","12-Nov",6,1,56131051,"-33.40%","-",4396,12768,"$140,416,772 ",2,FALSE
"3","13-Nov",7,1,40922989,"-27.10%","-",4396,9309,"$181,339,761 ",3,FALSE
"4","14-Nov",1,1,11125499,"-72.80%","-",4396,2530,"$192,465,260 ",4,FALSE
"5","15-Nov",2,1,12636707,"13.60%","-",4396,2874,"$205,101,967 ",5,FALSE
"6","16-Nov",3,1,8110601,"-35.80%","-",4396,1844,"$213,212,568 ",6,FALSE
"7","17-Nov",4,1,7480079,"-7.80%","-",4396,1701,"$220,692,647 ",7,FALSE
"8","18-Nov",5,1,17999138,"140.60%","-78.60%",4396,4094,"$238,691,785 ",8,FALSE
"9","19-Nov",6,1,28772668,"59.90%","-48.70%",4396,6545,"$267,464,453 ",9,FALSE
"10","20-Nov",7,1,19710460,"-31.50%","-51.80%",4396,4483,"$287,174,913 ",10,FALSE
"11","21-Nov",1,1,7002759,"-64.50%","-37.10%",4396,1592,"$294,177,672 ",11,FALSE
"12","22-Nov",2,1,9492924,"35.60%","-24.90%",4396,2159,"$303,670,596 ",12,FALSE
"13","23-Nov",3,1,10052869,"5.90%","23.90%",4290,2343,"$313,723,465 ",13,FALSE
"14","24-Nov",4,1,8164083,"-18.80%","9.10%",4290,1903,"$321,887,548 ",14,FALSE
"15","25-Nov",5,1,18230476,"123.30%","1.30%",4290,4249,"$340,118,024 ",15,FALSE
"16","26-Nov",6,1,17599193,"-3.50%","-38.80%",4290,4102,"$357,717,217 ",16,FALSE
"17","27-Nov",7,1,9754235,"-44.60%","-50.50%",4290,2273,"$367,471,452 ",17,FALSE
"18","28-Nov",1,1,2208258,"-77.40%","-68.50%",4290,514,"$369,679,710 ",18,FALSE
"19","29-Nov",2,1,2681411,"21.40%","-71.80%",4290,625,"$372,361,121 ",19,FALSE
"20","30-Nov",3,1,1918716,"-28.40%","-80.90%",4290,447,"$374,279,837 ",20,FALSE
"21","1-Dec",4,1,1851240,"-3.50%","-77.30%",4290,431,"$376,131,077 ",21,FALSE
"22","2-Dec",5,2,4459381,"140.90%","-75.50%",3855,1156,"$380,590,458 ",22,FALSE
"23","3-Dec",6,1,8171837,"83.30%","-53.60%",3855,2119,"$388,762,295 ",23,FALSE
"24","4-Dec",7,1,4908833,"-39.90%","-49.70%",3855,1273,"$393,671,128 ",24,FALSE
"25","5-Dec",1,1,1162850,"-76.30%","-47.30%",3855,301,"$394,833,978 ",25,FALSE
"26","6-Dec",2,1,1567075,"34.80%","-41.60%",3855,406,"$396,401,053 ",26,FALSE
"27","7-Dec",3,1,1144653,"-27%","-40.30%",3855,296,"$397,545,706 ",27,FALSE
"28","8-Dec",4,1,1165072,"1.80%","-37.10%",3855,302,"$398,710,778 ",28,FALSE
"29","9-Dec",5,1,2860689,"145.50%","-35.90%",3725,767,"$401,571,467 ",29,FALSE
"30","10-Dec",6,1,5178818,"81%","-36.60%",3725,1390,"$406,750,285 ",30,FALSE
"31","11-Dec",7,1,3195195,"-38.30%","-34.90%",3725,857,"$409,945,480 ",31,FALSE
"32","12-Dec",1,1,903453,"-71.70%","-22.30%",3725,242,"$410,848,933 ",32,FALSE
"33","13-Dec",2,1,1144342,"26.70%","-27%",3725,307,"$411,993,275 ",33,FALSE
"34","14-Dec",3,1,909059,"-20.60%","-20.60%",3725,244,"$412,902,334 ",34,FALSE
"35","15-Dec",4,1,688851,"-24.20%","-40.90%",3725,184,"$413,591,185 ",35,FALSE
"36","16-Dec",5,2,1459454,"111.90%","-49%",3380,431,"$415,050,639 ",36,FALSE
"37","17-Dec",6,2,2274228,"55.80%","-56.10%",3380,672,"$417,324,867 ",37,FALSE
"38","18-Dec",7,2,1613161,"-29.10%","-49.50%",3380,477,"$418,938,028 ",38,FALSE
"39","19-Dec",1,2,836634,"-48.10%","-7.40%",3380,247,"$419,774,662 ",39,FALSE
"40","20-Dec",2,2,1100937,"31.60%","-3.80%",3380,325,"$420,875,599 ",40,FALSE
"41","21-Dec",3,3,898080,"-18.40%","-1.20%",3200,280,"$421,773,679 ",41,FALSE
"42","22-Dec",4,3,881722,"-1.80%","28%",3200,275,"$422,655,401 ",42,FALSE
"43","23-Dec",5,5,986968,"11.90%","-32.40%",2250,438,"$423,642,369 ",43,FALSE
"44","24-Dec",6,4,785679,"-20.40%","-65.50%",2250,349,"$424,428,048 ",44,FALSE
"45","25-Dec",7,5,1719937,"118.90%","6.60%",2250,764,"$426,147,985 ",45,FALSE
"46","26-Dec",1,3,2014246,"17.10%","140.80%",2250,895,"$428,162,231 ",46,FALSE
"47","27-Dec",2,3,1784546,"-11.40%","62.10%",2250,793,"$429,946,777 ",47,FALSE
"48","28-Dec",3,3,1608074,"-9.90%","79.10%",2250,714,"$431,554,851 ",48,FALSE
"49","29-Dec",4,3,1590802,"-1.10%","80.40%",2250,707,"$433,145,653 ",49,FALSE
"50","30-Dec",5,3,1931001,"21.40%","95.60%",2310,835,"$435,076,654 ",50,FALSE
"51","31-Dec",6,3,1422992,"-26.30%","81.10%",2310,616,"$436,499,646 ",51,FALSE
"52","1-Jan",7,3,1791721,"25.90%","4.20%",2310,775,"$438,291,367 ",52,FALSE
"53","2-Jan",1,3,1643640,"-8.30%","-18.40%",2310,711,"$439,935,007 ",53,FALSE
"54","3-Jan",2,3,852850,"-48.10%","-52.20%",178,4791,"$440,787,857 ",54,FALSE
"55","4-Jan",3,3,665349,"-22%","-58.60%",178,3737,"$441,453,206 ",55,FALSE
"56","5-Jan",4,3,586410,"-11.90%","-63.10%",178,3294,"$442,039,616 ",56,FALSE
"57","6-Jan",5,5,972586,"65.90%","-49.60%",2255,431,"$443,012,202 ",57,FALSE
"58","7-Jan",6,5,1600077,"64.50%","12.40%",2255,709,"$444,612,279 ",58,FALSE
"59","8-Jan",7,5,950793,"-40.60%","-46.90%",2255,421,"$445,563,072 ",59,FALSE
"60","9-Jan",1,5,323653,"-66%","-80.30%",2255,143,"$445,886,725 ",60,FALSE
"61","10-Jan",2,5,393707,"21.60%","-53.80%",2255,174,"$446,280,432 ",61,FALSE
"62","11-Jan",3,6,332614,"-15.50%","-50%",2255,147,"$446,613,046 ",62,FALSE
"63","12-Jan",4,5,299326,"-10%","-49%",2255,132,"$446,912,372 ",63,FALSE
"64","13-Jan",5,7,544042,"81.80%","-44.10%",1910,284,"$447,456,414 ",64,FALSE
"65","14-Jan",6,7,1058974,"94.60%","-33.80%",1910,554,"$448,515,388 ",65,FALSE
"66","15-Jan",7,7,862247,"-18.60%","-9.30%",1910,451,"$449,377,635 ",66,FALSE
"67","16-Jan",1,6,634523,"-26.40%","96.10%",1910,332,"$450,012,158 ",67,FALSE
"68","17-Jan",2,8,189032,"-70.20%","-52%",1910,98,"$450,201,190 ",68,FALSE
"69","18-Jan",3,8,135713,"-28.20%","-59.20%",1910,71,"$450,336,903 ",69,FALSE
"70","19-Jan",4,8,143849,"6%","-51.90%",1910,75,"$450,480,752 ",70,FALSE
"71","20-Jan",5,10,337361,"134.50%","-38%",1525,221,"$450,818,113 ",71,FALSE
"72","21-Jan",6,8,668848,"98.30%","-36.80%",1525,438,"$451,486,961 ",72,FALSE
"73","22-Jan",7,10,356400,"-46.70%","-58.70%",1525,233,"$451,843,361 ",73,FALSE
"74","23-Jan",1,9,108772,"-69.50%","-82.90%",1525,71,"$451,952,133 ",74,FALSE
"75","24-Jan",2,9,125116,"15%","-33.80%",1525,82,"$452,077,249 ",75,FALSE
"76","25-Jan",3,10,97770,"-21.90%","-28%",1525,64,"$452,175,019 ",76,FALSE
"77","26-Jan",4,11,98874,"1.10%","-31.30%",1525,64,"$452,273,893 ",77,FALSE
"78","27-Jan",5,18,177985,"80%","-47.20%",1030,172,"$452,451,878 ",78,FALSE
"79","28-Jan",6,15,390221,"119.20%","-41.70%",1030,378,"$452,842,099 ",79,FALSE
"80","29-Jan",7,15,189369,"-51.50%","-46.90%",1030,183,"$453,031,468 ",80,FALSE
"81","30-Jan",1,14,60830,"-67.90%","-44.10%",1030,59,"$453,092,298 ",81,FALSE
"82","31-Jan",2,16,63982,"5.20%","-48.90%",1030,62,"$453,156,280 ",82,FALSE
"83","1-Feb",3,14,53475,"-16.40%","-45.30%",1030,51,"$453,209,755 ",83,FALSE
"84","2-Feb",4,15,41845,"-21.70%","-57.70%",1030,40,"$453,251,600 ",84,FALSE
"85","3-Feb",5,19,48823,"16.70%","-72.60%",430,113,"$453,300,423 ",85,FALSE
"86","4-Feb",6,18,111125,"127.60%","-71.50%",430,258,"$453,411,548 ",86,FALSE
"87","5-Feb",7,19,62776,"-43.50%","-66.80%",430,145,"$453,474,324 ",87,FALSE
"88","6-Feb",1,20,17097,"-72.80%","-71.90%",430,39,"$453,491,421 ",88,FALSE
"89","7-Feb",2,18,20871,"22.10%","-67.40%",430,48,"$453,512,292 ",89,FALSE
"90","8-Feb",3,19,18155,"-13%","-66%",430,42,"$453,530,447 ",90,FALSE
"91","9-Feb",4,18,15932,"-12.20%","-61.90%",430,37,"$453,546,379 ",91,FALSE
"92","10-Feb",5,22,19332,"21.30%","-60.40%",200,96,"$453,565,711 ",92,FALSE
"93","11-Feb",6,20,43378,"124.40%","-61%",200,216,"$453,609,089 ",93,FALSE
"94","12-Feb",7,21,17236,"-60.30%","-72.50%",200,86,"$453,626,325 ",94,FALSE
"95","13-Feb",1,22,8687,"-49.60%","-49.20%",200,43,"$453,635,012 ",95,FALSE
"96","14-Feb",2,22,20034,"130.60%","-4%",200,100,"$453,655,046 ",96,FALSE
"97","15-Feb",3,24,8623,"-57%","-52.50%",200,43,"$453,663,669 ",97,FALSE
"98","16-Feb",4,24,7325,"-15.10%","-54%",200,36,"$453,670,994 ",98,FALSE
"99","17-Feb",5,25,11451,"56.30%","-40.80%",75,152,"$453,682,445 ",99,FALSE
"100","18-Feb",6,23,19053,"66.40%","-56.10%",75,254,"$453,701,498 ",100,FALSE
"101","19-Feb",7,26,11182,"-41.30%","-35.10%",75,149,"$453,712,680 ",101,FALSE
"102","20-Feb",1,26,5636,"-49.60%","-35.10%",75,75,"$453,718,316 ",102,FALSE
"103","21-Feb",2,30,3515,"-37.60%","-82.50%",75,46,"$453,721,831 ",103,FALSE
"104","22-Feb",3,27,4266,"21.40%","-50.50%",75,56,"$453,726,097 ",104,FALSE
"105","23-Feb",4,29,2537,"-40.50%","-65.40%",75,33,"$453,728,634 ",105,FALSE
"106","24-Feb",5,26,15334,"504.40%","33.90%",230,66,"$453,743,968 ",106,FALSE
"107","25-Feb",6,25,26844,"75.10%","40.90%",230,116,"$453,770,812 ",107,FALSE
"108","26-Feb",7,26,15948,"-40.60%","42.60%",230,69,"$453,786,760 ",108,FALSE
"109","27-Feb",1,27,4293,"-73.10%","-23.80%",230,18,"$453,791,053 ",109,FALSE
"110","28-Feb",2,28,6639,"54.60%","88.90%",230,28,"$453,797,692 ",110,FALSE
"111","1-Mar",3,25,5059,"-23.80%","18.60%",230,21,"$453,802,751 ",111,FALSE
"112","2-Mar",4,26,4830,"-4.50%","90.40%",230,21,"$453,807,581 ",112,FALSE
"113","3-Mar",5,35,2422,"-49.90%","-84.20%",40,60,"$453,810,003 ",113,FALSE
"114","4-Mar",6,36,4272,"76.40%","-84.10%",40,106,"$453,814,275 ",114,FALSE
"115","5-Mar",7,35,3663,"-14.30%","-77%",40,91,"$453,817,938 ",115,FALSE
"116","6-Mar",1,38,529,"-85.60%","-87.70%",40,13,"$453,818,467 ",116,FALSE
"117","7-Mar",2,36,1285,"142.90%","-80.60%",40,32,"$453,819,752 ",117,FALSE
"118","8-Mar",3,37,637,"-50.40%","-87.40%",40,15,"$453,820,389 ",118,FALSE
"119","9-Mar",4,30,3340,"424.30%","-30.80%",40,83,"$453,823,729 ",119,FALSE
"120","10-Mar",5,39,870,"-74%","-64.10%",30,29,"$453,824,599 ",120,FALSE
"121","11-Mar",6,38,1388,"59.50%","-67.50%",30,46,"$453,825,987 ",121,FALSE
"122","12-Mar",7,35,1148,"-17.30%","-68.70%",30,38,"$453,827,135 ",122,FALSE
"123","13-Mar",1,37,350,"-69.50%","-33.80%",30,11,"$453,827,485 ",123,FALSE
"124","14-Mar",2,35,472,"34.90%","-63.30%",30,15,"$453,827,957 ",124,FALSE
"125","15-Mar",3,36,445,"-5.70%","-30.10%",30,14,"$453,828,402 ",125,FALSE
"126","16-Mar",4,33,658,"47.90%","-80.30%",30,21,"$453,829,060 ",126,FALSE
