Date,Event,DOW,Rank,Daily,YD%,LW%,Theaters,Avg,To Date,Day,Estimated
Jul 9,,5,1,39510446,,,4160,9497,39510446,1,False
Jul 10,,6,1,23305929,-41.0,,4160,5602,62816375,2,False
Jul 11,,7,1,17549937,-24.7,,4160,4218,80366312,3,False
Jul 12,,1,1,7163140,-59.2,,4160,1721,87529452,4,False
Jul 13,,2,1,7702881,7.5,,4160,1851,95232333,5,False
Jul 14,,3,1,5502248,-28.6,,4160,1322,100734581,6,False
Jul 15,,4,1,5027090,-8.6,,4160,1208,105761671,7,False
Jul 16,,5,2,8055534,60.2,-79.6,4275,1884,113817205,8,False
Jul 17,,6,1,10423700,29.4,-55.3,4275,2438,124240905,9,False
Jul 18,,7,1,7368262,-29.3,-58.0,4275,1723,131609167,10,False
Jul 19,,1,1,3001414,-59.3,-58.1,4275,702,134610581,11,False
Jul 20,,2,1,3416780,13.8,-55.6,4275,799,138027361,12,False
Jul 21,,3,1,2837693,-16.9,-48.4,4275,663,140865054,13,False
Jul 22,,4,1,2341629,-17.5,-53.4,4275,547,143206683,14,False
Jul 23,,5,3,3472585,48.3,-56.9,4250,817,146679268,15,False
Jul 24,,6,2,4710893,35.7,-54.8,4250,1108,151390161,16,False
Jul 25,,7,2,3435420,-27.1,-53.4,4250,808,154825581,17,False
Jul 26,,1,2,1430260,-58.4,-52.3,4250,336,156255841,18,False
Jul 27,,2,2,1717856,20.1,-49.7,4250,404,157973697,19,False
Jul 28,,3,2,1377817,-19.8,-51.4,4250,324,159351514,20,False
Jul 29,,4,2,1289348,-6.4,-44.9,4250,303,160640862,21,False
Jul 30,,5,4,1985641,54.0,-42.8,3360,590,162626503,22,False
Jul 31,,6,3,2608861,31.4,-44.6,3360,776,165235364,23,False
Aug 1,,7,3,1876681,-28.1,-45.4,3360,558,167112045,24,False
Aug 2,,1,3,853730,-54.5,-40.3,3360,254,167965775,25,False
Aug 3,,2,3,892760,4.6,-48.0,3360,265,168858535,26,False
Aug 4,,3,3,791866,-11.3,-42.5,3360,235,169650401,27,False
Aug 5,,4,3,701383,-11.4,-45.6,3360,208,170351784,28,False
Aug 6,,5,4,1176348,67.7,-40.8,3100,379,171528132,29,False
Aug 7,,6,4,1668989,41.9,-36.0,3100,538,173197121,30,False
Aug 8,,7,4,1082915,-35.1,-42.3,3100,349,174280036,31,False
Aug 9,,1,3,481525,-55.5,-43.6,3100,155,174761561,32,False
Aug 10,,2,3,558709,16.0,-37.4,3100,180,175320270,33,False
Aug 11,,3,3,456736,-18.3,-42.3,3100,147,175777006,34,False
Aug 12,,4,2,422525,-7.5,-39.8,3100,136,176199531,35,False
Aug 13,,5,6,555439,31.5,-52.8,2060,269,176754970,36,False
Aug 14,,6,6,818674,47.4,-50.9,2060,397,177573644,37,False
Aug 15,,7,6,537500,-34.3,-50.4,2060,260,178111144,38,False
Aug 16,,1,6,228460,-57.5,-52.6,2060,110,178339604,39,False
Aug 17,,2,6,273204,19.6,-51.1,2060,132,178612808,40,False
Aug 18,,3,6,225888,-17.3,-50.5,2060,109,178838696,41,False
Aug 19,,4,6,215347,-4.7,-49.0,2060,104,179054043,42,False
Aug 20,,5,9,317117,47.3,-42.9,1340,236,179371160,43,False
Aug 21,,6,9,495192,56.2,-39.5,1340,369,179866352,44,False
Aug 22,,7,9,301382,-39.1,-43.9,1340,224,180167734,45,False
Aug 23,,1,9,122010,-59.5,-46.6,1340,91,180289744,46,False
Aug 24,,2,9,138983,13.9,-49.1,1340,103,180428727,47,False
Aug 25,,3,9,125727,-9.5,-44.3,1340,93,180554454,48,False
Aug 26,,4,8,121953,-3.0,-43.4,1340,91,180676407,49,False
Aug 27,,5,10,212818,74.5,-32.9,1050,202,180889225,50,False
Aug 28,,6,10,356840,67.7,-27.9,1050,339,181246065,51,False
Aug 29,,7,9,216892,-39.2,-28.0,1050,206,181462957,52,False
Aug 30,,1,9,77797,-64.1,-36.2,1050,74,181540754,53,False
Aug 31,,2,9,86410,11.1,-37.8,1050,82,181627164,54,False
Sep 1,,3,9,71475,-17.3,-43.2,1050,68,181698639,55,False
Sep 2,,4,9,54680,-23.5,-55.2,1050,52,181753319,56,False
Sep 3,,5,8,205681,276.2,-3.4,750,274,181959000,57,False
Sep 4,,6,8,290434,41.2,-18.6,750,387,182249434,58,False
Sep 5,,7,8,283329,-2.4,30.6,750,377,182532763,59,False
Sep 6,Labor Day,1,8,157703,-44.3,102.7,750,210,182690466,60,False
Sep 7,,2,10,45384,-71.2,-47.5,750,60,182735850,61,False
Sep 8,,3,10,40718,-10.3,-43.0,750,54,182776568,62,False
Sep 9,,4,10,40719,0.1,-25.5,750,54,182817287,63,False
Sep 10,,5,12,81751,100.8,-60.3,510,160,182899038,64,False
Sep 11,,6,10,134887,65.0,-53.6,510,264,183033925,65,False
Sep 12,,7,11,66538,-50.7,-76.5,510,130,183100463,66,False
Sep 13,,1,12,21498,-67.7,-86.4,510,42,183121961,67,False
Sep 14,,2,11,28737,33.7,-36.7,510,56,183150698,68,False
Sep 15,,3,12,26635,-7.3,-34.6,510,52,183177333,69,False
Sep 16,,4,13,24661,-7.4,-39.4,510,48,183201994,70,False
Sep 17,,5,16,51817,110.1,-36.6,325,159,183253811,71,False
Sep 18,,6,14,85040,64.1,-37.0,325,261,183338851,72,False
Sep 19,,7,14,46356,-45.5,-30.3,325,142,183385207,73,False
Sep 20,,1,15,16633,-64.1,-22.6,325,51,183401840,74,False
Sep 21,,2,16,18351,10.3,-36.1,325,56,183420191,75,False
Sep 22,,3,16,13677,-25.5,-48.7,325,42,183433868,76,False
Sep 23,,4,16,12340,-9.8,-50.0,325,37,183446208,77,False
Sep 24,,5,14,33156,168.7,-36.0,250,132,183479364,78,False
Sep 25,,6,14,53460,61.2,-37.1,250,213,183532824,79,False
Sep 26,,7,15,28105,-47.4,-39.4,250,112,183560929,80,False
Sep 27,,1,16,10425,-62.9,-37.3,250,41,183571354,81,False
Sep 28,,2,17,10424,0.1,-43.2,250,41,183581778,82,False
Sep 29,,3,16,11353,8.9,-17.0,250,45,183593131,83,False
Sep 30,,4,17,9190,-19.1,-25.5,250,36,183602321,84,False
Oct 1,,5,21,6374,-30.6,-80.8,100,63,183608695,85,False
Oct 2,,6,21,11242,76.4,-79.0,100,112,183619937,86,False
Oct 3,,7,22,6283,-44.1,-77.6,100,62,183626220,87,False
Oct 4,,1,21,2465,-60.8,-76.4,100,24,183628685,88,False
Oct 5,,2,24,2489,1.0,-76.1,100,24,183631174,89,False
Oct 6,,3,25,2154,-13.5,-81.0,100,21,183633328,90,False
Oct 7,,4,22,2131,-1.1,-76.8,100,21,183635459,91,False
Oct 8,,5,26,3396,59.4,-46.7,55,61,183638855,92,False
Oct 9,,6,26,5741,69.1,-48.9,55,104,183644596,93,False
Oct 10,,7,26,2711,-52.8,-56.9,55,49,183647307,94,False
Oct 11,Indig. Peoples' Day,1,23,1280,-52.8,-48.1,55,23,183648587,95,False
Oct 12,,2,23,839,-34.5,-66.3,55,15,183649426,96,False
Oct 13,,3,20,1383,64.8,-35.8,55,25,183650809,97,False
Oct 14,,4,24,846,-38.8,-60.3,55,15,183651655,98,False
