Date,Event,DOW,Rank,Daily,YD%,LW%,Theaters,Avg,To Date,Day,Estimated
Feb 16,PyeongChang Olympics,5,1,75941146,,,4020,18890,75941146,1,False
Feb 17,PyeongChang Olympics,6,1,65995366,-13.1,,4020,16416,141936512,2,False
Feb 18,PyeongChang Olympics,7,1,60067439,-9.0,,4020,14942,202003951,3,False
Feb 19,Presidents' DayPyeongChang Olympics,1,1,40151729,-33.2,,4020,9987,242155680,4,False
Feb 20,PyeongChang Olympics,2,1,20857361,-48.1,-72.5,4020,5188,263013041,5,False
Feb 21,PyeongChang Olympics,3,1,14688057,-29.6,-77.7,4020,3653,277701098,6,False
Feb 22,PyeongChang Olympics,4,1,14253324,-3.0,-76.3,4020,3545,291954422,7,False
Feb 23,PyeongChang Olympics,5,1,28789877,102.0,-62.1,4020,7161,320744299,8,False
Feb 24,PyeongChang Olympics,6,1,47553478,65.2,-27.9,4020,11829,368297777,9,False
Feb 25,PyeongChang Olympics,7,1,35315480,-25.7,-41.2,4020,8784,403613257,10,False
Feb 26,,1,1,8098481,-77.1,-79.8,4020,2014,411711738,11,False
Feb 27,,2,1,10204038,26.0,-51.1,4020,2538,421915776,12,False
Feb 28,,3,1,6876570,-32.6,-53.2,4020,1710,428792346,13,False
Mar 1,,4,1,6607691,-3.9,-53.6,4020,1643,435400037,14,False
Mar 2,,5,1,16257536,146.0,-43.5,4084,3980,451657573,15,False
Mar 3,,6,1,30052665,84.9,-36.8,4084,7358,481710238,16,False
Mar 4,,7,1,19996734,-33.5,-43.4,4084,4896,501706972,17,False
Mar 5,,1,1,4720738,-76.4,-41.7,4084,1155,506427710,18,False
Mar 6,,2,1,6258583,32.6,-38.7,4084,1532,512686293,19,False
Mar 7,,3,1,3941783,-37.0,-42.7,4084,965,516628076,20,False
Mar 8,,4,1,4251525,7.9,-35.7,4084,1041,520879601,21,False
Mar 9,,5,2,10018784,135.7,-38.4,3942,2541,530898385,22,False
Mar 10,,6,1,18352112,83.2,-38.9,3942,4655,549250497,23,False
Mar 11,,7,1,12446683,-32.2,-37.8,3942,3157,561697180,24,False
Mar 12,,1,1,4035653,-67.6,-14.5,3942,1023,565732833,25,False
Mar 13,,2,1,5167907,28.1,-17.4,3942,1310,570900740,26,False
Mar 14,,3,1,3843374,-25.6,-2.5,3942,974,574744114,27,False
Mar 15,,4,1,3632414,-5.5,-14.6,3942,921,578376528,28,False
Mar 16,,5,2,7482380,106.0,-25.3,3834,1951,585858908,29,False
Mar 17,,6,1,11558877,54.5,-37.0,3834,3014,597417785,30,False
Mar 18,,7,1,7609433,-34.2,-38.9,3834,1984,605027218,31,False
Mar 19,,1,1,2188463,-71.2,-45.8,3834,570,607215681,32,False
Mar 20,,2,1,2834515,29.5,-45.2,3834,739,610050196,33,False
Mar 21,,3,1,2052932,-27.6,-46.6,3834,535,612103128,34,False
Mar 22,,4,1,2155108,5.0,-40.7,3834,562,614258236,35,False
Mar 23,,5,2,4415270,104.9,-41.0,3370,1310,618673506,36,False
Mar 24,,6,2,7643962,73.1,-33.9,3370,2268,626317468,37,False
Mar 25,,7,2,5040386,-34.1,-33.8,3370,1495,631357854,38,False
Mar 26,,1,2,1819598,-63.9,-16.9,3370,539,633177452,39,False
Mar 27,,2,2,2456628,35.0,-13.3,3370,728,635634080,40,False
Mar 28,,3,1,1742732,-29.1,-15.1,3370,517,637376812,41,False
Mar 29,,4,2,2059822,18.2,-4.4,3370,611,639436634,42,False
Mar 30,,5,3,4090617,98.6,-7.4,2988,1369,643527251,43,False
Mar 31,,6,3,4300222,5.1,-43.7,2988,1439,647827473,44,False
Apr 1,Easter Sunday,7,3,3096076,-28.0,-38.6,2988,1036,650923549,45,False
Apr 2,,1,3,1635447,-47.2,-10.1,2988,547,652558996,46,False
Apr 3,,2,3,1667090,1.9,-32.1,2988,557,654226086,47,False
Apr 4,,3,2,1397293,-16.2,-19.8,2988,467,655623379,48,False
Apr 5,,4,2,1302361,-6.8,-36.8,2988,435,656925740,49,False
Apr 6,,5,5,2348902,80.4,-42.6,2747,855,659274642,50,False
Apr 7,,6,4,3929037,67.3,-8.6,2747,1430,663203679,51,False
Apr 8,,7,4,2427029,-38.2,-21.6,2747,883,665630708,52,False
Apr 9,,1,4,641593,-73.6,-60.8,2747,233,666272301,53,False
Apr 10,,2,4,923753,44.0,-44.6,2747,336,667196054,54,False
Apr 11,,3,4,632898,-31.5,-54.7,2747,230,667828952,55,False
Apr 12,,4,4,626570,-1.0,-51.9,2747,228,668455522,56,False
Apr 13,,5,7,1449293,131.3,-38.3,2180,664,669904815,57,False
Apr 14,,6,6,2505569,72.9,-36.2,2180,1149,672410384,58,False
Apr 15,,7,6,1823034,-27.2,-24.9,2180,836,674233418,59,False
Apr 16,,1,7,535137,-70.6,-16.6,2180,245,674768555,60,False
Apr 17,,2,6,613868,14.7,-33.5,2180,281,675382423,61,False
Apr 18,,3,6,505165,-17.7,-20.2,2180,231,675887588,62,False
Apr 19,,4,6,554521,9.8,-11.5,2180,254,676442109,63,False
Apr 20,,5,10,1225404,121.0,-15.4,1930,634,677667513,64,False
Apr 21,,6,8,2229298,81.9,-11.0,1930,1155,679896811,65,False
Apr 22,,7,8,1477925,-33.7,-18.9,1930,765,681374736,66,False
Apr 23,,1,8,459094,-68.9,-14.2,1930,237,681833830,67,False
Apr 24,,2,7,661084,44.0,7.7,1930,342,682494914,68,False
Apr 25,,3,5,609661,-7.8,20.7,1930,315,683104575,69,False
Apr 26,,4,5,523914,-14.1,-5.5,1930,271,683628489,70,False
Apr 27,,5,5,1369846,161.5,11.8,1650,830,684998335,71,False
Apr 28,,6,5,2110787,54.1,-5.3,1650,1279,687109122,72,False
Apr 29,,7,5,1255795,-40.5,-15.0,1650,761,688364917,73,False
Apr 30,,1,5,431177,-65.7,-6.1,1650,261,688796094,74,False
May 1,,2,5,479309,11.2,-27.5,1650,290,689275403,75,False
May 2,,3,5,350729,-26.8,-42.5,1650,212,689626132,76,False
May 3,,4,6,354483,1.1,-32.3,1650,214,689980615,77,False
May 4,,5,7,927743,161.7,-32.3,1641,565,690908358,78,False
May 5,,6,6,1512050,63.0,-28.4,1641,921,692420408,79,False
May 6,,7,7,815184,-46.1,-35.1,1641,496,693235592,80,False
May 7,,1,7,241681,-70.4,-43.9,1641,147,693477273,81,False
May 8,,2,7,311374,28.8,-35.0,1641,189,693788647,82,False
May 9,,3,7,232496,-25.3,-33.7,1641,141,694021143,83,False
May 10,,4,7,233468,0.4,-34.1,1641,142,694254611,84,False
May 11,,5,9,556249,138.3,-40.0,1370,406,694810860,85,False
May 12,,6,8,900185,61.8,-40.5,1370,657,695711045,86,False
May 13,,7,9,620773,-31.0,-23.8,1370,453,696331818,87,False
May 14,,1,9,162347,-73.8,-32.8,1370,118,696494165,88,False
May 15,,2,9,198067,22.0,-36.4,1370,144,696692232,89,False
May 16,,3,9,160829,-18.8,-30.8,1370,117,696853061,90,False
May 17,,4,10,108724,-32.4,-53.4,1370,79,696961785,91,False
May 18,,5,13,226955,108.7,-59.2,935,242,697188740,92,False
May 19,,6,13,391144,72.3,-56.5,935,418,697579884,93,False
May 20,,7,13,242343,-38.0,-61.0,935,259,697822227,94,False
May 21,,1,13,81235,-66.5,-50.0,935,86,697903462,95,False
May 22,,2,13,88204,8.6,-55.5,935,94,697991666,96,False
May 23,,3,14,78622,-10.9,-51.1,935,84,698070288,97,False
May 24,,4,13,65954,-16.1,-39.3,935,70,698136242,98,False
May 25,,5,14,121934,84.9,-46.3,440,277,698258176,99,False
May 26,,6,14,189036,55.0,-51.7,440,429,698447212,100,False
May 27,,7,15,170136,-10.0,-29.8,440,386,698617348,101,False
May 28,Memorial Day,1,14,127885,-24.8,57.4,440,290,698745233,102,False
May 29,,2,14,49508,-61.3,-43.9,440,112,698794741,103,False
May 30,,3,16,43627,-11.9,-44.5,440,99,698838368,104,False
May 31,,4,16,44581,2.2,-32.4,440,101,698882949,105,False
Jun 1,,5,18,70350,57.8,-42.3,284,247,698953299,106,False
Jun 2,,6,18,110148,56.6,-41.7,284,387,699063447,107,False
Jun 3,,7,20,66403,-39.7,-61.0,284,233,699129850,108,False
Jun 4,,1,19,30750,-53.7,-76.0,284,108,699160600,109,False
Jun 5,,2,20,33500,8.9,-32.3,284,117,699194100,110,False
Jun 6,,3,20,29757,-11.2,-31.8,284,104,699223857,111,False
Jun 7,,4,21,27210,-8.6,-39.0,284,95,699251067,112,False
Jun 8,,5,24,37265,37.0,-47.0,186,200,699288332,113,False
Jun 9,,6,22,58555,57.1,-46.8,186,314,699346887,114,False
Jun 10,,7,24,42873,-26.8,-35.4,186,230,699389760,115,False
Jun 11,,1,27,17538,-59.1,-43.0,186,94,699407298,116,False
Jun 12,,2,27,21765,24.1,-35.0,186,117,699429063,117,False
Jun 13,,3,27,22113,1.6,-25.7,186,118,699451176,118,False
Jun 14,World Cup (Russia),4,28,17178,-22.3,-36.9,186,92,699468354,119,False
Jun 15,World Cup (Russia),5,26,44906,161.4,20.5,146,307,699513260,120,False
Jun 16,World Cup (Russia),6,26,62110,38.3,6.1,146,425,699575370,121,False
Jun 17,World Cup (Russia),7,28,37967,-38.9,-11.4,146,260,699613337,122,False
Jun 18,World Cup (Russia),1,28,11964,-68.5,-31.8,146,81,699625301,123,False
Jun 19,World Cup (Russia),2,28,16329,36.5,-25.0,146,111,699641630,124,False
Jun 20,World Cup (Russia),3,29,14844,-9.1,-32.9,146,101,699656474,125,False
Jun 21,World Cup (Russia),4,28,14994,1.0,-12.7,146,102,699671468,126,False
Jun 22,World Cup (Russia),5,26,24089,60.7,-46.4,115,209,699695557,127,False
Jun 23,World Cup (Russia),6,26,31741,31.8,-48.9,115,276,699727298,128,False
Jun 24,World Cup (Russia),7,28,19895,-37.3,-47.6,115,173,699747193,129,False
Jun 25,World Cup (Russia),1,31,7751,-61.0,-35.2,115,67,699754944,130,False
Jun 26,World Cup (Russia),2,29,9390,21.1,-42.5,115,81,699764334,131,False
Jun 27,World Cup (Russia),3,30,9023,-3.9,-39.2,115,78,699773357,132,False
Jun 28,World Cup (Russia),4,28,11341,25.7,-24.4,115,98,699784698,133,False
Jun 29,World Cup (Russia),5,34,9506,-16.2,-60.5,80,118,699794204,134,False
Jun 30,World Cup (Russia),6,35,12578,32.3,-60.4,80,157,699806782,135,False
Jul 1,World Cup (Russia),7,34,10340,-17.8,-48.0,80,129,699817122,136,False
Jul 2,World Cup (Russia),1,35,5385,-47.9,-30.5,80,67,699822507,137,False
Jul 3,World Cup (Russia),2,35,6679,24.0,-28.9,80,83,699829186,138,False
Jul 4,Independence DayWorld Cup (Russia),3,34,8150,22.0,-9.7,80,101,699837336,139,False
Jul 5,World Cup (Russia),4,36,7371,-9.6,-35.0,80,92,699844707,140,False
Jul 6,World Cup (Russia),5,35,11902,61.5,25.2,52,228,699856609,141,False
Jul 7,World Cup (Russia),6,36,13193,10.8,4.9,52,253,699869802,142,False
Jul 8,World Cup (Russia),7,35,6017,-54.4,-41.8,52,115,699875819,143,False
Jul 9,World Cup (Russia),1,37,2408,-60.0,-55.3,52,46,699878227,144,False
Jul 10,World Cup (Russia),2,36,3182,32.1,-52.4,52,61,699881409,145,False
Jul 11,World Cup (Russia),3,37,2460,-22.7,-69.8,52,47,699883869,146,False
Jul 12,World Cup (Russia),4,36,3124,27.0,-57.6,52,60,699886993,147,False
Jul 13,World Cup (Russia),5,40,4738,51.7,-60.2,28,169,699891731,148,False
Jul 14,World Cup (Russia),6,40,5527,16.7,-58.1,28,197,699897258,149,False
Jul 15,World Cup (Russia),7,42,3594,-35.0,-40.3,28,128,699900852,150,False
Jul 16,,1,40,1227,-65.9,-49.0,28,43,699902079,151,False
Jul 17,,2,39,1801,46.8,-43.4,28,64,699903880,152,False
Jul 18,,3,41,1509,-16.2,-38.7,28,53,699905389,153,False
Jul 19,,4,38,1473,-2.4,-52.8,28,52,699906862,154,False
Jul 20,,5,41,7212,389.6,52.2,154,46,699914074,155,False
Jul 21,,6,39,10269,42.4,85.8,154,66,699924343,156,False
Jul 22,,7,42,7964,-22.4,121.6,154,51,699932307,157,False
Jul 23,,1,40,5121,-35.7,317.4,154,33,699937428,158,False
Jul 24,,2,39,5876,14.7,226.3,154,38,699943304,159,False
Jul 25,,3,39,5292,-9.9,250.7,154,34,699948596,160,False
Jul 26,,4,41,3838,-27.5,160.6,154,24,699952434,161,False
Jul 27,,5,45,1070,-72.1,-85.2,15,71,699953504,162,False
Jul 28,,6,46,780,-27.1,-92.4,15,52,699954284,163,False
Jul 29,,7,46,651,-16.5,-91.8,15,43,699954935,164,False
Jul 30,,1,46,404,-37.9,-92.1,15,26,699955339,165,False
Jul 31,,2,44,693,71.5,-88.2,15,46,699956032,166,False
Aug 1,,3,49,400,-42.3,-92.4,15,26,699956432,167,False
Aug 2,,4,33,12594,3048.5,228.1,15,839,699969026,168,False
Aug 3,,5,35,15389,22.2,1338.2,25,615,699984415,169,False
Aug 4,,6,37,11846,-23.0,1418.7,25,473,699996261,170,False
Aug 5,,7,37,10154,-14.3,1459.8,25,406,700006415,171,False
Aug 6,,1,35,11434,12.6,2730.2,25,457,700017849,172,False
Aug 7,,2,35,15236,33.3,2098.6,25,609,700033085,173,False
Aug 8,,3,34,14452,-5.1,3513.0,25,578,700047537,174,False
Aug 9,,4,33,12029,-16.8,-4.5,25,481,700059566,175,False
