"","Date","DOW","Rank","Daily","X...YD","X...LW","Theaters","Avg","To.Date","Day","Estimated"
"1","9-Jul",5,1,39510446,"-","-",4160,9497,39510446,1,FALSE
"2","10-Jul",6,1,23305929,"-41%","-",4160,5602,62816375,2,FALSE
"3","11-Jul",7,1,17549937,"-24.70%","-",4160,4218,80366312,3,FALSE
"4","12-Jul",1,1,7163140,"-59.20%","-",4160,1721,87529452,4,FALSE
"5","13-Jul",2,1,7702881,"7.50%","-",4160,1851,95232333,5,FALSE
"6","14-Jul",3,1,5502248,"-28.60%","-",4160,1322,100734581,6,FALSE
"7","15-Jul",4,1,5027090,"-8.60%","-",4160,1208,105761671,7,FALSE
"8","16-Jul",5,2,8055534,"60.20%","-79.60%",4275,1884,113817205,8,FALSE
"9","17-Jul",6,1,10423700,"29.40%","-55.30%",4275,2438,124240905,9,FALSE
"10","18-Jul",7,1,7368262,"-29.30%","-58%",4275,1723,131609167,10,FALSE
"11","19-Jul",1,1,3001414,"-59.30%","-58.10%",4275,702,134610581,11,FALSE
"12","20-Jul",2,1,3416780,"13.80%","-55.60%",4275,799,138027361,12,FALSE
"13","21-Jul",3,1,2837693,"-16.90%","-48.40%",4275,663,140865054,13,FALSE
"14","22-Jul",4,1,2341629,"-17.50%","-53.40%",4275,547,143206683,14,FALSE
"15","23-Jul",5,3,3472585,"48.30%","-56.90%",4250,817,146679268,15,FALSE
"16","24-Jul",6,2,4710893,"35.70%","-54.80%",4250,1108,151390161,16,FALSE
"17","25-Jul",7,2,3435420,"-27.10%","-53.40%",4250,808,154825581,17,FALSE
"18","26-Jul",1,2,1430260,"-58.40%","-52.30%",4250,336,156255841,18,FALSE
"19","27-Jul",2,2,1717856,"20.10%","-49.70%",4250,404,157973697,19,FALSE
"20","28-Jul",3,2,1377817,"-19.80%","-51.40%",4250,324,159351514,20,FALSE
"21","29-Jul",4,2,1289348,"-6.40%","-44.90%",4250,303,160640862,21,FALSE
"22","30-Jul",5,4,1985641,"54%","-42.80%",3360,590,162626503,22,FALSE
"23","31-Jul",6,3,2608861,"31.40%","-44.60%",3360,776,165235364,23,FALSE
"24","1-Aug",7,3,1876681,"-28.10%","-45.40%",3360,558,167112045,24,FALSE
"25","2-Aug",1,3,853730,"-54.50%","-40.30%",3360,254,167965775,25,FALSE
"26","3-Aug",2,3,892760,"4.60%","-48%",3360,265,168858535,26,FALSE
"27","4-Aug",3,3,791866,"-11.30%","-42.50%",3360,235,169650401,27,FALSE
"28","5-Aug",4,3,701383,"-11.40%","-45.60%",3360,208,170351784,28,FALSE
"29","6-Aug",5,4,1176348,"67.70%","-40.80%",3100,379,171528132,29,FALSE
"30","7-Aug",6,4,1668989,"41.90%","-36%",3100,538,173197121,30,FALSE
"31","8-Aug",7,4,1082915,"-35.10%","-42.30%",3100,349,174280036,31,FALSE
"32","9-Aug",1,3,481525,"-55.50%","-43.60%",3100,155,174761561,32,FALSE
"33","10-Aug",2,3,558709,"16%","-37.40%",3100,180,175320270,33,FALSE
"34","11-Aug",3,3,456736,"-18.30%","-42.30%",3100,147,175777006,34,FALSE
"35","12-Aug",4,2,422525,"-7.50%","-39.80%",3100,136,176199531,35,FALSE
"36","13-Aug",5,6,555439,"31.50%","-52.80%",2060,269,176754970,36,FALSE
"37","14-Aug",6,6,818674,"47.40%","-50.90%",2060,397,177573644,37,FALSE
"38","15-Aug",7,6,537500,"-34.30%","-50.40%",2060,260,178111144,38,FALSE
"39","16-Aug",1,6,228460,"-57.50%","-52.60%",2060,110,178339604,39,FALSE
"40","17-Aug",2,6,273204,"19.60%","-51.10%",2060,132,178612808,40,FALSE
"41","18-Aug",3,6,225888,"-17.30%","-50.50%",2060,109,178838696,41,FALSE
"42","19-Aug",4,6,215347,"-4.70%","-49%",2060,104,179054043,42,FALSE
"43","20-Aug",5,9,317117,"47.30%","-42.90%",1340,236,179371160,43,FALSE
"44","21-Aug",6,9,495192,"56.20%","-39.50%",1340,369,179866352,44,FALSE
"45","22-Aug",7,9,301382,"-39.10%","-43.90%",1340,224,180167734,45,FALSE
"46","23-Aug",1,9,122010,"-59.50%","-46.60%",1340,91,180289744,46,FALSE
"47","24-Aug",2,9,138983,"13.90%","-49.10%",1340,103,180428727,47,FALSE
"48","25-Aug",3,9,125727,"-9.50%","-44.30%",1340,93,180554454,48,FALSE
"49","26-Aug",4,8,121953,"-3%","-43.40%",1340,91,180676407,49,FALSE
"50","27-Aug",5,10,212818,"74.50%","-32.90%",1050,202,180889225,50,FALSE
"51","28-Aug",6,10,356840,"67.70%","-27.90%",1050,339,181246065,51,FALSE
"52","29-Aug",7,9,216892,"-39.20%","-28%",1050,206,181462957,52,FALSE
"53","30-Aug",1,9,77797,"-64.10%","-36.20%",1050,74,181540754,53,FALSE
"54","31-Aug",2,9,86410,"11.10%","-37.80%",1050,82,181627164,54,FALSE
"55","1-Sep",3,9,71475,"-17.30%","-43.20%",1050,68,181698639,55,FALSE
"56","2-Sep",4,9,54680,"-23.50%","-55.20%",1050,52,181753319,56,FALSE
"57","3-Sep",5,8,205681,"276.20%","-3.40%",750,274,181959000,57,FALSE
"58","4-Sep",6,8,290434,"41.20%","-18.60%",750,387,182249434,58,FALSE
"59","5-Sep",7,8,283329,"-2.40%","30.60%",750,377,182532763,59,FALSE
"60","6-Sep",1,8,157703,"-44.30%","102.70%",750,210,182690466,60,FALSE
"61","7-Sep",2,10,45384,"-71.20%","-47.50%",750,60,182735850,61,FALSE
"62","8-Sep",3,10,40718,"-10.30%","-43%",750,54,182776568,62,FALSE
"63","9-Sep",4,10,40719,"<0.1%","-25.50%",750,54,182817287,63,FALSE
"64","10-Sep",5,12,81751,"100.80%","-60.30%",510,160,182899038,64,FALSE
"65","11-Sep",6,10,134887,"65%","-53.60%",510,264,183033925,65,FALSE
"66","12-Sep",7,11,66538,"-50.70%","-76.50%",510,130,183100463,66,FALSE
"67","13-Sep",1,12,21498,"-67.70%","-86.40%",510,42,183121961,67,FALSE
"68","14-Sep",2,11,28737,"33.70%","-36.70%",510,56,183150698,68,FALSE
"69","15-Sep",3,12,26635,"-7.30%","-34.60%",510,52,183177333,69,FALSE
"70","16-Sep",4,13,24661,"-7.40%","-39.40%",510,48,183201994,70,FALSE
"71","17-Sep",5,16,51817,"110.10%","-36.60%",325,159,183253811,71,FALSE
"72","18-Sep",6,14,85040,"64.10%","-37%",325,261,183338851,72,FALSE
"73","19-Sep",7,14,46356,"-45.50%","-30.30%",325,142,183385207,73,FALSE
"74","20-Sep",1,15,16633,"-64.10%","-22.60%",325,51,183401840,74,FALSE
"75","21-Sep",2,16,18351,"10.30%","-36.10%",325,56,183420191,75,FALSE
"76","22-Sep",3,16,13677,"-25.50%","-48.70%",325,42,183433868,76,FALSE
"77","23-Sep",4,16,12340,"-9.80%","-50%",325,37,183446208,77,FALSE
"78","24-Sep",5,14,33156,"168.70%","-36%",250,132,183479364,78,FALSE
"79","25-Sep",6,14,53460,"61.20%","-37.10%",250,213,183532824,79,FALSE
"80","26-Sep",7,15,28105,"-47.40%","-39.40%",250,112,183560929,80,FALSE
"81","27-Sep",1,16,10425,"-62.90%","-37.30%",250,41,183571354,81,FALSE
"82","28-Sep",2,17,10424,"<0.1%","-43.20%",250,41,183581778,82,FALSE
"83","29-Sep",3,16,11353,"8.90%","-17%",250,45,183593131,83,FALSE
"84","30-Sep",4,17,9190,"-19.10%","-25.50%",250,36,183602321,84,FALSE
"85","1-Oct",5,21,6374,"-30.60%","-80.80%",100,63,183608695,85,FALSE
"86","2-Oct",6,21,11242,"76.40%","-79%",100,112,183619937,86,FALSE
"87","3-Oct",7,22,6283,"-44.10%","-77.60%",100,62,183626220,87,FALSE
"88","4-Oct",1,21,2465,"-60.80%","-76.40%",100,24,183628685,88,FALSE
"89","5-Oct",2,24,2489,"1%","-76.10%",100,24,183631174,89,FALSE
"90","6-Oct",3,25,2154,"-13.50%","-81%",100,21,183633328,90,FALSE
"91","7-Oct",4,22,2131,"-1.10%","-76.80%",100,21,183635459,91,FALSE
"92","8-Oct",5,26,3396,"59.40%","-46.70%",55,61,183638855,92,FALSE
"93","9-Oct",6,26,5741,"69.10%","-48.90%",55,104,183644596,93,FALSE
"94","10-Oct",7,26,2711,"-52.80%","-56.90%",55,49,183647307,94,FALSE
"95","11-Oct",1,23,1280,"-52.80%","-48.10%",55,23,183648587,95,FALSE
"96","12-Oct",2,23,839,"-34.50%","-66.30%",55,15,183649426,96,FALSE
"97","13-Oct",3,20,1383,"64.80%","-35.80%",55,25,183650809,97,FALSE
"98","14-Oct",4,24,846,"-38.80%","-60.30%",55,15,183651655,98,FALSE
