Date,Event,DOW,Rank,Daily,YD%,LW%,Theaters,Avg,To Date,Day,Estimated
May 6,,5,1,75502161,,,4226,17866,75502161,1,False
May 7,,6,1,61209001,-18.9,,4226,14483,136711162,2,False
May 8,,7,1,42427980,-30.7,,4226,10039,179139142,3,False
May 9,,1,1,13291876,-68.7,,4226,3145,192431018,4,False
May 10,,2,1,13761120,3.5,,4226,3256,206192138,5,False
May 11,,3,1,8976371,-34.8,,4226,2124,215168509,6,False
May 12,,4,1,8160569,-9.1,,4226,1931,223329078,7,False
May 13,,5,1,19612028,140.3,-74.0,4226,4640,242941106,8,False
May 14,,6,1,31960342,63.0,-47.8,4226,7562,274901448,9,False
May 15,,7,1,21064772,-34.1,-50.4,4226,4984,295966220,10,False
May 16,,1,1,4751083,-77.4,-64.3,4226,1124,300717303,11,False
May 17,,2,1,5928602,24.8,-56.9,4226,1402,306645905,12,False
May 18,,3,1,3899984,-34.2,-56.6,4226,922,310545889,13,False
May 19,,4,1,3730264,-4.4,-54.3,4226,882,314276153,14,False
May 20,,5,3,8612395,130.9,-56.1,4226,2037,322888548,15,False
May 21,,6,2,14623025,69.8,-54.2,4226,3460,337511573,16,False
May 22,,7,2,9704319,-33.6,-53.9,4226,2296,347215892,17,False
May 23,,1,1,3020789,-68.9,-36.4,4226,714,350236681,18,False
May 24,,2,1,2889710,-4.3,-51.3,4226,683,353126391,19,False
May 25,,3,1,2272708,-21.4,-41.7,4226,537,355399099,20,False
May 26,,4,1,2076849,-8.6,-44.3,4226,491,357475948,21,False
May 27,,5,4,4046772,94.9,-53.0,3395,1191,361522720,22,False
May 28,,6,4,5793941,43.2,-60.4,3395,1706,367316661,23,False
May 29,,7,4,5555011,-4.1,-42.8,3395,1636,372871672,24,False
May 30,Memorial Day,1,4,4608785,-17.0,52.6,3395,1357,377480457,25,False
May 31,,2,4,1548605,-66.4,-46.4,3395,456,379029062,26,False
Jun 1,,3,4,1201806,-22.4,-47.1,3395,353,380230868,27,False
Jun 2,,4,4,1118289,-6.9,-46.2,3395,329,381349157,28,False
Jun 3,,5,6,2096013,87.4,-48.2,3084,679,383445170,29,False
Jun 4,,6,6,3311126,58.0,-42.9,3084,1073,386756296,30,False
Jun 5,,7,6,2422340,-26.8,-56.4,3084,785,389178636,31,False
Jun 6,,1,6,837255,-65.4,-81.8,3084,271,390015891,32,False
Jun 7,,2,6,995368,18.9,-35.7,3084,322,391011259,33,False
Jun 8,,3,6,772948,-22.3,-35.7,3084,250,391784207,34,False
Jun 9,,4,6,772941,0.1,-30.9,3084,250,392557148,35,False
Jun 10,,5,9,1169004,51.2,-44.2,2101,556,393726152,36,False
Jun 11,,6,9,1884866,61.2,-43.1,2101,897,395611018,37,False
Jun 12,,7,9,1260472,-33.1,-48.0,2101,599,396871490,38,False
Jun 13,,1,9,484771,-61.5,-42.1,2101,230,397356261,39,False
Jun 14,,2,9,636173,31.2,-36.1,2101,302,397992434,40,False
Jun 15,,3,9,548482,-13.8,-29.0,2101,261,398540916,41,False
Jun 16,,4,9,440053,-19.8,-43.1,2101,209,398980969,42,False
Jun 17,,5,10,582077,32.3,-50.2,1434,405,399563046,43,False
Jun 18,,6,10,855756,47.0,-54.6,1434,596,400418802,44,False
Jun 19,,7,9,893789,4.4,-29.1,1434,623,401312591,45,False
Jun 20,,1,10,302031,-66.2,-37.7,1434,210,401614622,46,False
Jun 21,,2,11,329956,9.2,-48.1,1434,230,401944578,47,False
Jun 22,,3,11,281124,-14.8,-48.7,1434,196,402225702,48,False
Jun 23,,4,11,263028,-6.4,-40.2,1434,183,402488730,49,False
Jun 24,,5,14,425282,61.7,-26.9,753,564,402914012,50,False
Jun 25,,6,13,588276,38.3,-31.3,753,781,403502288,51,False
Jun 26,,7,12,355000,-39.7,-60.3,753,471,403857288,52,False
Jun 27,,1,13,183666,-48.3,-39.2,753,243,404040954,53,False
Jun 28,,2,13,229335,24.9,-30.5,753,304,404270289,54,False
Jun 29,,3,13,217363,-5.2,-22.7,753,288,404487652,55,False
Jun 30,,4,14,160736,-26.1,-38.9,753,213,404648388,56,False
Jul 1,,5,16,215671,34.2,-49.3,367,587,404864059,57,False
Jul 2,,6,14,307133,42.4,-47.8,367,836,405171192,58,False
Jul 3,,7,15,247775,-19.3,-30.2,367,675,405418967,59,False
Jul 4,Independence Day,1,16,180650,-27.1,-1.6,367,492,405599617,60,False
Jul 5,,2,15,131064,-27.4,-42.9,367,357,405730681,61,False
Jul 6,,3,16,115631,-11.8,-46.8,367,315,405846312,62,False
Jul 7,,4,18,86852,-24.9,-46.0,367,236,405933164,63,False
Jul 8,,5,22,83589,-3.8,-61.2,238,351,406016753,64,False
Jul 9,,6,22,125342,50.0,-59.2,238,526,406142095,65,False
Jul 10,,7,21,84286,-32.8,-66.0,238,354,406226381,66,False
Jul 11,,1,22,40987,-51.4,-77.3,238,172,406267368,67,False
Jul 12,,2,21,45003,9.8,-65.7,238,189,406312371,68,False
Jul 13,,3,23,40041,-11.0,-65.4,238,168,406352412,69,False
Jul 14,,4,21,41782,4.3,-51.9,238,175,406394194,70,False
Jul 15,,5,27,51682,23.7,-38.2,184,280,406445876,71,False
Jul 16,,6,27,73531,42.3,-41.3,184,399,406519407,72,False
Jul 17,,7,26,54276,-26.2,-35.6,184,294,406573683,73,False
Jul 18,,1,25,28135,-48.2,-31.4,184,152,406601818,74,False
Jul 19,,2,26,30311,7.7,-32.6,184,164,406632129,75,False
Jul 20,,3,25,28503,-6.0,-28.8,184,154,406660632,76,False
Jul 21,,4,27,25713,-9.8,-38.5,184,139,406686345,77,False
Jul 22,,5,30,30426,18.3,-41.1,116,262,406716771,78,False
Jul 23,,6,31,42236,38.8,-42.6,116,364,406759007,79,False
Jul 24,,7,30,31021,-26.6,-42.8,116,267,406790028,80,False
Jul 25,,1,26,18022,-41.9,-35.9,116,155,406808050,81,False
Jul 26,,2,31,14819,-17.8,-51.1,116,127,406822869,82,False
Jul 27,,3,26,18186,22.7,-36.2,116,156,406841055,83,False
Jul 28,,4,25,24168,32.9,-6.0,116,208,406865223,84,False
Jul 29,,5,33,22983,-4.9,-24.5,85,270,406888206,85,False
Jul 30,,6,31,28018,21.9,-33.7,85,329,406916224,86,False
Jul 31,,7,32,22608,-19.3,-27.1,85,265,406938832,87,False
Aug 1,,1,31,13157,-41.8,-27.0,85,154,406951989,88,False
Aug 2,,2,31,13013,-1.1,-12.2,85,153,406965002,89,False
Aug 3,,3,30,14568,11.9,-19.9,85,171,406979570,90,False
Aug 4,,4,33,10526,-27.7,-56.4,85,123,406990096,91,False
Aug 5,Rio Olympics,5,24,57308,444.4,149.3,174,329,407047404,92,False
Aug 6,Rio Olympics,6,23,83853,46.3,199.3,174,481,407131257,93,False
Aug 7,Rio Olympics,7,23,66025,-21.3,192.0,174,379,407197282,94,False
Aug 8,Rio Olympics,1,23,31668,-52.0,140.7,174,182,407228950,95,False
Aug 9,Rio Olympics,2,23,35795,13.0,175.1,174,205,407264745,96,False
Aug 10,Rio Olympics,3,23,34535,-3.5,137.1,174,198,407299280,97,False
Aug 11,Rio Olympics,4,23,29503,-14.6,180.3,174,169,407328783,98,False
Aug 12,Rio Olympics,5,27,52167,76.8,-9.0,162,322,407380950,99,False
Aug 13,Rio Olympics,6,27,73940,41.7,-11.8,162,456,407454890,100,False
Aug 14,Rio Olympics,7,27,56169,-24.0,-14.9,162,346,407511059,101,False
Aug 15,Rio Olympics,1,26,24358,-56.6,-23.1,162,150,407535417,102,False
Aug 16,Rio Olympics,2,26,29764,22.2,-16.8,162,183,407565181,103,False
Aug 17,Rio Olympics,3,27,23724,-20.3,-31.3,162,146,407588905,104,False
Aug 18,Rio Olympics,4,26,28060,18.3,-4.9,162,173,407616965,105,False
Aug 19,Rio Olympics,5,34,25724,-8.3,-50.7,117,219,407642689,106,False
Aug 20,Rio Olympics,6,34,41953,63.1,-43.3,117,358,407684642,107,False
Aug 21,Rio Olympics,7,33,26658,-36.5,-52.5,117,227,407711300,108,False
Aug 22,,1,34,9182,-65.6,-62.3,117,78,407720482,109,False
Aug 23,,2,35,9228,0.5,-69.0,117,78,407729710,110,False
Aug 24,,3,34,8727,-5.4,-63.2,117,74,407738437,111,False
Aug 25,,4,34,8727,,-68.9,117,74,407747164,112,False
Aug 26,,5,35,22948,163.0,-10.8,93,246,407770112,113,False
Aug 27,,6,35,36726,60.0,-12.5,93,394,407806838,114,False
Aug 28,,7,35,24284,-33.9,-8.9,93,261,407831122,115,False
Aug 29,,1,36,9292,-61.7,1.2,93,99,407840414,116,False
Aug 30,,2,37,9544,2.7,3.4,93,102,407849958,117,False
Aug 31,,3,36,7938,-16.8,-9.0,93,85,407857896,118,False
Sep 1,,4,35,11038,39.1,26.5,93,118,407868934,119,False
Sep 2,,5,37,27318,147.5,19.0,81,337,407896252,120,False
Sep 3,,6,37,47504,73.9,29.3,81,586,407943756,121,False
Sep 4,,7,35,52640,10.8,116.8,81,649,407996396,122,False
Sep 5,Labor Day,1,39,28168,-46.5,203.1,81,347,408024564,123,False
Sep 6,,2,43,3793,-86.5,-60.3,81,46,408028357,124,False
Sep 7,,3,42,3041,-19.8,-61.7,81,37,408031398,125,False
Sep 8,,4,43,3745,23.2,-66.1,81,46,408035143,126,False
Sep 9,,5,44,6543,74.7,-76.0,54,121,408041686,127,False
Sep 10,,6,42,11791,80.2,-75.2,54,218,408053477,128,False
Sep 11,,7,44,6606,-44.0,-87.5,54,122,408060083,129,False
Sep 12,,1,47,1706,-74.2,-93.9,54,31,408061789,130,False
Sep 13,,2,49,2107,23.5,-44.5,54,39,408063896,131,False
Sep 14,,3,49,1741,-17.4,-42.7,54,32,408065637,132,False
Sep 15,,4,48,1886,8.3,-49.6,54,34,408067523,133,False
Sep 16,,5,54,3119,65.4,-52.3,34,91,408070642,134,False
Sep 17,,6,50,6142,96.9,-47.9,34,180,408076784,135,False
Sep 18,,7,53,3770,-38.6,-42.9,34,110,408080554,136,False
Sep 19,,1,57,787,-79.1,-53.9,34,23,408081341,137,False
Sep 20,,2,59,1057,34.3,-49.8,34,31,408082398,138,False
Sep 21,,3,56,958,-9.4,-45.0,34,28,408083356,139,False
Sep 22,,4,57,993,3.7,-47.3,34,29,408084349,140,False
