"","Date","DOW","Rank","Daily","X...YD","X...LW","Theaters","Avg","To.Date","Day","Estimated"
"1","22-Jul",5,1,25700189,"-","-",3715,6917,"$25,700,189 ",1,FALSE
"2","23-Jul",6,1,21943393,"-14.60%","-",3715,5906,"$47,643,582 ",2,FALSE
"3","24-Jul",7,1,17414942,"-20.60%","-",3715,4687,"$65,058,524 ",3,FALSE
"4","25-Jul",1,1,7752188,"-55.50%","-",3715,2086,"$72,810,712 ",4,FALSE
"5","26-Jul",2,1,7831121,"1%","-",3715,2107,"$80,641,833 ",5,FALSE
"6","27-Jul",3,1,5801265,"-25.90%","-",3715,1561,"$86,443,098 ",6,FALSE
"7","28-Jul",4,1,5424170,"-6.50%","-",3715,1460,"$91,867,268 ",7,FALSE
"8","29-Jul",5,3,7864581,"45%","-69.40%",3715,2116,"$99,731,849 ",8,FALSE
"9","30-Jul",6,3,9939604,"26.40%","-54.70%",3715,2675,"$109,671,453 ",9,FALSE
"10","31-Jul",7,3,7750118,"-22%","-55.50%",3715,2086,"$117,421,571 ",10,FALSE
"11","1-Aug",1,3,3438458,"-55.60%","-55.60%",3715,925,"$120,860,029 ",11,FALSE
"12","2-Aug",2,3,3621505,"5.30%","-53.80%",3715,974,"$124,481,534 ",12,FALSE
"13","3-Aug",3,3,2986118,"-17.50%","-48.50%",3715,803,"$127,467,652 ",13,FALSE
"14","4-Aug",4,3,2714393,"-9.10%","-50%",3715,730,"$130,182,045 ",14,FALSE
"15","5-Aug",5,5,3794738,"39.80%","-51.70%",3620,1048,"$133,976,783 ",15,FALSE
"16","6-Aug",6,4,5183685,"36.60%","-47.80%",3620,1431,"$139,160,468 ",16,FALSE
"17","7-Aug",7,5,4043499,"-22%","-47.80%",3620,1116,"$143,203,967 ",17,FALSE
"18","8-Aug",1,5,1672605,"-58.60%","-51.40%",3620,462,"$144,876,572 ",18,FALSE
"19","9-Aug",2,4,1989856,"19%","-45.10%",3620,549,"$146,866,428 ",19,FALSE
"20","10-Aug",3,5,1503295,"-24.50%","-49.70%",3620,415,"$148,369,723 ",20,FALSE
"21","11-Aug",4,5,1390483,"-7.50%","-48.80%",3620,384,"$149,760,206 ",21,FALSE
"22","12-Aug",5,9,2056167,"47.90%","-45.80%",2835,725,"$151,816,373 ",22,FALSE
"23","13-Aug",6,7,2879093,"40%","-44.50%",2835,1015,"$154,695,466 ",23,FALSE
"24","14-Aug",7,8,2275642,"-21%","-43.70%",2835,802,"$156,971,108 ",24,FALSE
"25","15-Aug",1,8,985172,"-56.70%","-41.10%",2835,347,"$157,956,280 ",25,FALSE
"26","16-Aug",2,8,1055121,"7.10%","-47%",2835,372,"$159,011,401 ",26,FALSE
"27","17-Aug",3,8,810629,"-23.20%","-46.10%",2835,285,"$159,822,030 ",27,FALSE
"28","18-Aug",4,9,810084,"<0.1%","-41.70%",2835,285,"$160,632,114 ",28,FALSE
"29","19-Aug",5,12,1187772,"46.60%","-42.20%",1988,597,"$161,819,886 ",29,FALSE
"30","20-Aug",6,13,1726846,"45.40%","-40%",1988,868,"$163,546,732 ",30,FALSE
"31","21-Aug",7,13,1200911,"-30.50%","-47.20%",1988,604,"$164,747,643 ",31,FALSE
"32","22-Aug",1,12,452532,"-62.30%","-54.10%",1988,227,"$165,200,175 ",32,FALSE
"33","23-Aug",2,12,486116,"7.40%","-53.90%",1988,244,"$165,686,291 ",33,FALSE
"34","24-Aug",3,12,400440,"-17.60%","-50.60%",1988,201,"$166,086,731 ",34,FALSE
"35","25-Aug",4,12,435137,"8.70%","-46.30%",1988,218,"$166,521,868 ",35,FALSE
"36","26-Aug",5,16,628355,"44.40%","-47.10%",1424,441,"$167,150,223 ",36,FALSE
"37","27-Aug",6,16,955978,"52.10%","-44.60%",1424,671,"$168,106,201 ",37,FALSE
"38","28-Aug",7,16,664105,"-30.50%","-44.70%",1424,466,"$168,770,306 ",38,FALSE
"39","29-Aug",1,15,238314,"-64.10%","-47.30%",1424,167,"$169,008,620 ",39,FALSE
"40","30-Aug",2,15,256942,"7.80%","-47.10%",1424,180,"$169,265,562 ",40,FALSE
"41","31-Aug",3,16,214567,"-16.50%","-46.40%",1424,150,"$169,480,129 ",41,FALSE
"42","1-Sep",4,16,219045,"2.10%","-49.70%",1424,153,"$169,699,174 ",42,FALSE
"43","2-Sep",5,14,456605,"108.50%","-27.30%",1050,434,"$170,155,779 ",43,FALSE
"44","3-Sep",6,13,713285,"56.20%","-25.40%",1050,679,"$170,869,064 ",44,FALSE
"45","4-Sep",7,13,758477,"6.30%","14.20%",1050,722,"$171,627,541 ",45,FALSE
"46","5-Sep",1,13,645219,"-14.90%","170.70%",1050,614,"$172,272,760 ",46,FALSE
"47","6-Sep",2,16,128530,"-80.10%","-50%",1050,122,"$172,401,290 ",47,FALSE
"48","7-Sep",3,16,108701,"-15.40%","-49.30%",1050,103,"$172,509,991 ",48,FALSE
"49","8-Sep",4,16,104019,"-4.30%","-52.50%",1050,99,"$172,614,010 ",49,FALSE
"50","9-Sep",5,17,244177,"134.70%","-46.50%",804,303,"$172,858,187 ",50,FALSE
"51","10-Sep",6,17,392501,"60.70%","-45%",804,488,"$173,250,688 ",51,FALSE
"52","11-Sep",7,18,208975,"-46.80%","-72.40%",804,259,"$173,459,663 ",52,FALSE
"53","12-Sep",1,18,60731,"-70.90%","-90.60%",804,75,"$173,520,394 ",53,FALSE
"54","13-Sep",2,18,74404,"22.50%","-42.10%",804,92,"$173,594,798 ",54,FALSE
"55","14-Sep",3,18,68137,"-8.40%","-37.30%",804,84,"$173,662,935 ",55,FALSE
"56","15-Sep",4,17,74639,"9.50%","-28.20%",804,92,"$173,737,574 ",56,FALSE
"57","16-Sep",5,21,154360,"106.80%","-36.80%",540,285,"$173,891,934 ",57,FALSE
"58","17-Sep",6,20,260287,"68.60%","-33.70%",540,482,"$174,152,221 ",58,FALSE
"59","18-Sep",7,20,149299,"-42.60%","-28.60%",540,276,"$174,301,520 ",59,FALSE
"60","19-Sep",1,22,43210,"-71.10%","-28.90%",540,80,"$174,344,730 ",60,FALSE
"61","20-Sep",2,23,48639,"12.60%","-34.60%",540,90,"$174,393,369 ",61,FALSE
"62","21-Sep",3,21,45188,"-7.10%","-33.70%",540,83,"$174,438,557 ",62,FALSE
"63","22-Sep",4,19,52376,"15.90%","-29.80%",540,96,"$174,490,933 ",63,FALSE
"64","23-Sep",5,24,85428,"63.10%","-44.70%",334,255,"$174,576,361 ",64,FALSE
"65","24-Sep",6,24,139519,"63.30%","-46.40%",334,417,"$174,715,880 ",65,FALSE
"66","25-Sep",7,24,77082,"-44.80%","-48.40%",334,230,"$174,792,962 ",66,FALSE
"67","26-Sep",1,24,23466,"-69.60%","-45.70%",334,70,"$174,816,428 ",67,FALSE
"68","27-Sep",2,23,27108,"15.50%","-44.30%",334,81,"$174,843,536 ",68,FALSE
"69","28-Sep",3,24,23873,"-11.90%","-47.20%",334,71,"$174,867,409 ",69,FALSE
"70","29-Sep",4,23,26802,"12.30%","-48.80%",334,80,"$174,894,211 ",70,FALSE
"71","30-Sep",5,21,121298,"352.60%","42%",350,346,"$175,015,509 ",71,FALSE
"72","1-Oct",6,20,192122,"58.40%","37.70%",350,548,"$175,207,631 ",72,FALSE
"73","2-Oct",7,16,122787,"-36.10%","59.30%",350,350,"$175,330,418 ",73,FALSE
"74","3-Oct",1,17,39115,"-68.10%","66.70%",350,111,"$175,369,533 ",74,FALSE
"75","4-Oct",2,17,45104,"15.30%","66.40%",350,128,"$175,414,637 ",75,FALSE
"76","5-Oct",3,20,38374,"-14.90%","60.70%",350,109,"$175,453,011 ",76,FALSE
"77","6-Oct",4,18,41089,"7.10%","53.30%",350,117,"$175,494,100 ",77,FALSE
"78","7-Oct",5,18,91790,"123.40%","-24.30%",303,302,"$175,585,890 ",78,FALSE
"79","8-Oct",6,19,131960,"43.80%","-31.30%",303,435,"$175,717,850 ",79,FALSE
"80","9-Oct",7,18,88003,"-33.30%","-28.30%",303,290,"$175,805,853 ",80,FALSE
"81","10-Oct",1,18,43015,"-51.10%","10%",303,141,"$175,848,868 ",81,FALSE
"82","11-Oct",2,18,31233,"-27.40%","-30.80%",303,103,"$175,880,101 ",82,FALSE
"83","12-Oct",3,18,28602,"-8.40%","-25.50%",303,94,"$175,908,703 ",83,FALSE
"84","13-Oct",4,18,31830,"11.30%","-22.50%",303,105,"$175,940,533 ",84,FALSE
"85","14-Oct",5,21,70372,"121.10%","-23.30%",246,286,"$176,010,905 ",85,FALSE
"86","15-Oct",6,22,103842,"47.60%","-21.30%",246,422,"$176,114,747 ",86,FALSE
"87","16-Oct",7,22,59040,"-43.10%","-32.90%",246,240,"$176,173,787 ",87,FALSE
"88","17-Oct",1,21,19747,"-66.60%","-54.10%",246,80,"$176,193,534 ",88,FALSE
"89","18-Oct",2,20,22568,"14.30%","-27.70%",246,91,"$176,216,102 ",89,FALSE
"90","19-Oct",3,19,20465,"-9.30%","-28.40%",246,83,"$176,236,567 ",90,FALSE
"91","20-Oct",4,19,26085,"27.50%","-18%",246,106,"$176,262,652 ",91,FALSE
"92","21-Oct",5,23,51013,"95.60%","-27.50%",184,277,"$176,313,665 ",92,FALSE
"93","22-Oct",6,23,70752,"38.70%","-31.90%",184,384,"$176,384,417 ",93,FALSE
"94","23-Oct",7,23,38978,"-44.90%","-34%",184,211,"$176,423,395 ",94,FALSE
"95","24-Oct",1,23,11670,"-70.10%","-40.90%",184,63,"$176,435,065 ",95,FALSE
"96","25-Oct",2,24,13653,"17%","-39.50%",184,74,"$176,448,718 ",96,FALSE
"97","26-Oct",3,25,11733,"-14.10%","-42.70%",184,63,"$176,460,451 ",97,FALSE
"98","27-Oct",4,29,12296,"4.80%","-52.90%",184,66,"$176,472,747 ",98,FALSE
"99","28-Oct",5,29,22690,"84.50%","-55.50%",139,163,"$176,495,437 ",99,FALSE
"100","29-Oct",6,28,35222,"55.20%","-50.20%",139,253,"$176,530,659 ",100,FALSE
"101","30-Oct",7,30,20517,"-41.70%","-47.40%",139,147,"$176,551,176 ",101,FALSE
"102","31-Oct",1,34,7964,"-61.20%","-31.80%",139,57,"$176,559,140 ",102,FALSE
"103","1-Nov",2,35,7830,"-1.70%","-42.60%",139,56,"$176,566,970 ",103,FALSE
"104","2-Nov",3,35,6087,"-22.30%","-48.10%",139,43,"$176,573,057 ",104,FALSE
"105","3-Nov",4,34,6948,"14.10%","-43.50%",139,49,"$176,580,005 ",105,FALSE
"106","4-Nov",5,31,17677,"154.40%","-22.10%",102,173,"$176,597,682 ",106,FALSE
"107","5-Nov",6,31,25292,"43.10%","-28.20%",102,247,"$176,622,974 ",107,FALSE
"108","6-Nov",7,32,13842,"-45.30%","-32.50%",102,135,"$176,636,816 ",108,FALSE
"109","7-Nov",1,35,3531,"-74.50%","-55.70%",102,34,"$176,640,347 ",109,FALSE
"110","8-Nov",2,36,4539,"28.50%","-42%",102,44,"$176,644,886 ",110,FALSE
"111","9-Nov",3,37,3777,"-16.80%","-37.90%",102,37,"$176,648,663 ",111,FALSE
"112","10-Nov",4,37,5842,"54.70%","-15.90%",102,57,"$176,654,505 ",112,FALSE
