Date,Event,DOW,Rank,Daily,YD%,LW%,Theaters,Avg,To Date,Day,Estimated
Nov 4,,5,1,32585335,,,3882,8393,32585335,1,False
Nov 5,,6,1,31368671,-3.7,,3882,8080,63954006,2,False
Nov 6,,7,1,21104305,-32.7,,3882,5436,85058311,3,False
Nov 7,,1,1,6209922,-70.6,,3882,1599,91268233,4,False
Nov 8,,2,1,7658060,23.3,,3882,1972,98926293,5,False
Nov 9,,3,1,5061877,-33.9,,3882,1303,103988170,6,False
Nov 10,,4,1,5993999,18.4,,3882,1544,109982169,7,False
Nov 11,,5,1,14926647,149.0,-54.2,3882,3845,124908816,8,False
Nov 12,,6,1,17614185,18.0,-43.8,3882,4537,142523001,9,False
Nov 13,,7,1,10429233,-40.8,-50.6,3882,2686,152952234,10,False
Nov 14,,1,1,2638728,-74.7,-57.5,3882,679,155590962,11,False
Nov 15,,2,1,3717306,40.9,-51.5,3882,957,159308268,12,False
Nov 16,,3,1,2469584,-33.6,-51.2,3882,636,161777852,13,False
Nov 17,,4,1,2089025,-15.4,-65.1,3882,538,163866877,14,False
Nov 18,,5,2,4797445,129.6,-67.9,3694,1298,168664322,15,False
Nov 19,,6,3,7869847,64.0,-55.3,3694,2130,176534169,16,False
Nov 20,,7,3,5093768,-35.3,-51.2,3694,1378,181627937,17,False
Nov 21,,1,3,1964998,-61.4,-25.5,3694,531,183592935,18,False
Nov 22,,2,3,2645540,34.6,-28.8,3694,716,186238475,19,False
Nov 23,,3,3,3118747,17.9,26.3,3008,1036,189357222,20,False
Nov 24,Thanksgiving,4,3,2683705,-13.9,28.5,3008,892,192040927,21,False
Nov 25,,5,3,5482371,104.3,14.3,3008,1822,197523298,22,False
Nov 26,,6,3,5426143,-1.0,-31.1,3008,1803,202949441,23,False
Nov 27,,7,4,2829431,-47.9,-44.5,3008,940,205778872,24,False
Nov 28,,1,5,709192,-74.9,-63.9,3008,235,206488064,25,False
Nov 29,,2,5,965951,36.2,-63.5,3008,321,207454015,26,False
Nov 30,,3,5,685595,-29.0,-78.0,3008,227,208139610,27,False
Dec 1,,4,5,683567,-0.3,-74.5,3008,227,208823177,28,False
Dec 2,,5,5,1789462,161.8,-67.4,2935,609,210612639,29,False
Dec 3,,6,4,3097547,73.1,-42.9,2935,1055,213710186,30,False
Dec 4,,7,4,1797543,-42.0,-36.5,2935,612,215507729,31,False
Dec 5,,1,5,499818,-72.2,-29.5,2935,170,216007547,32,False
Dec 6,,2,5,709000,41.9,-26.6,2935,241,216716547,33,False
Dec 7,,3,5,514624,-27.4,-24.9,2935,175,217231171,34,False
Dec 8,,4,5,500275,-2.8,-26.8,2935,170,217731446,35,False
Dec 9,,5,5,1220454,144.0,-31.8,2763,441,218951900,36,False
Dec 10,,6,5,2113956,73.2,-31.8,2763,765,221065856,37,False
Dec 11,,7,5,1201417,-43.2,-33.2,2763,434,222267273,38,False
Dec 12,,1,5,414096,-65.5,-17.2,2763,149,222681369,39,False
Dec 13,,2,5,572331,38.2,-19.3,2763,207,223253700,40,False
Dec 14,,3,5,437236,-23.6,-15.0,2763,158,223690936,41,False
Dec 15,,4,5,359091,-17.9,-28.2,2763,129,224050027,42,False
Dec 16,,5,9,590378,64.4,-51.6,1930,305,224640405,43,False
Dec 17,,6,9,908386,53.9,-57.0,1930,470,225548791,44,False
Dec 18,,7,9,712148,-21.6,-40.7,1930,368,226260939,45,False
Dec 19,,1,9,408378,-42.7,-1.4,1930,211,226669317,46,False
Dec 20,,2,9,408645,0.1,-28.6,1930,211,227077962,47,False
Dec 21,,3,14,252769,-38.1,-42.2,1017,248,227330731,48,False
Dec 22,,4,13,288235,14.0,-19.7,1017,283,227618966,49,False
Dec 23,,5,15,270316,-6.2,-54.2,631,428,227889282,50,False
Dec 24,,6,15,175277,-35.2,-80.7,631,277,228064559,51,False
Dec 25,Christmas Day,7,18,277395,58.3,-61.0,538,515,228341954,52,False
Dec 26,,1,17,333753,20.3,-18.3,538,620,228675707,53,False
Dec 27,,2,17,302095,-9.5,-26.1,538,561,228977802,54,False
Dec 28,,3,18,243554,-19.4,-3.6,538,452,229221356,55,False
Dec 29,,4,18,239954,-1.5,-16.8,538,446,229461310,56,False
Dec 30,,5,19,233029,-2.9,-13.8,466,500,229694339,57,False
Dec 31,New Year's Eve,6,19,181998,-21.9,3.8,466,390,229876337,58,False
Jan 1,New Year's Day,7,18,231453,27.2,-16.6,466,496,230107790,59,False
Jan 2,,1,19,215258,-7.0,-35.5,466,461,230323048,60,False
Jan 3,,2,17,113758,-47.2,-62.3,466,244,230436806,61,False
Jan 4,,3,18,79378,-30.2,-67.4,466,170,230516184,62,False
Jan 5,,4,18,74734,-5.9,-68.9,466,160,230590918,63,False
Jan 6,,5,22,89918,20.3,-61.4,263,341,230680836,64,False
Jan 7,,6,22,136932,52.3,-24.8,263,520,230817768,65,False
Jan 8,,7,23,80238,-41.4,-65.3,263,305,230898006,66,False
Jan 9,,1,22,31248,-61.1,-85.5,263,118,230929254,67,False
Jan 10,,2,23,44652,42.9,-60.7,263,169,230973906,68,False
Jan 11,,3,22,30825,-31.0,-61.2,263,117,231004731,69,False
Jan 12,,4,23,30677,-0.5,-59.0,263,116,231035408,70,False
Jan 13,,5,29,51266,67.1,-43.0,162,316,231086674,71,False
Jan 14,,6,27,91051,77.6,-33.5,162,562,231177725,72,False
Jan 15,,7,28,64323,-29.4,-19.8,162,397,231242048,73,False
Jan 16,MLK Day,1,28,50672,-21.2,62.2,162,312,231292720,74,False
Jan 17,,2,30,19380,-61.8,-56.6,162,119,231312100,75,False
Jan 18,,3,28,16097,-16.9,-47.8,162,99,231328197,76,False
Jan 19,,4,26,17183,6.7,-44.0,162,106,231345380,77,False
Jan 20,,5,30,36714,113.7,-28.4,132,278,231382094,78,False
Jan 21,,6,30,64539,75.8,-29.1,132,488,231446633,79,False
Jan 22,,7,31,33542,-48.0,-47.9,132,254,231480175,80,False
Jan 23,,1,30,11183,-66.7,-77.9,132,84,231491358,81,False
Jan 24,,2,31,14225,27.2,-26.6,132,107,231505583,82,False
Jan 25,,3,31,11915,-16.2,-26.0,132,90,231517498,83,False
Jan 26,,4,31,13635,14.4,-20.6,132,103,231531133,84,False
Jan 27,,5,38,28885,111.8,-21.3,104,277,231560018,85,False
Jan 28,,6,37,51132,77.0,-20.8,104,491,231611150,86,False
Jan 29,,7,37,28637,-44.0,-14.6,104,275,231639787,87,False
Jan 30,,1,39,7130,-75.1,-36.2,104,68,231646917,88,False
Jan 31,,2,38,10088,41.5,-29.1,104,97,231657005,89,False
Feb 1,,3,38,7656,-24.1,-35.7,104,73,231664661,90,False
Feb 2,,4,38,8382,9.5,-38.5,104,80,231673043,91,False
Feb 3,,5,30,67861,709.6,134.9,190,357,231740904,92,False
Feb 4,,6,30,122833,81.0,140.2,190,646,231863737,93,False
Feb 5,,7,29,46593,-62.1,62.7,190,245,231910330,94,False
Feb 6,,1,31,21745,-53.3,205.0,190,114,231932075,95,False
Feb 7,,2,31,26320,21.0,160.9,190,138,231958395,96,False
Feb 8,,3,30,19504,-25.9,154.8,190,102,231977899,97,False
Feb 9,,4,30,20907,7.2,149.4,190,110,231998806,98,False
Feb 10,,5,29,46993,124.8,-30.8,171,274,232045799,99,False
Feb 11,,6,29,85810,82.6,-30.1,171,501,232131609,100,False
Feb 12,,7,28,53736,-37.4,15.3,171,314,232185345,101,False
Feb 13,,1,33,15696,-70.8,-27.8,171,91,232201041,102,False
Feb 14,,2,34,26459,68.6,0.5,171,154,232227500,103,False
Feb 15,,3,32,14453,-45.4,-25.9,171,84,232241953,104,False
Feb 16,,4,31,16438,13.7,-21.4,171,96,232258391,105,False
Feb 17,,5,36,29588,80.0,-37.0,136,217,232287979,106,False
Feb 18,,6,36,54296,83.5,-36.7,136,399,232342275,107,False
Feb 19,,7,37,40630,-25.2,-24.4,136,298,232382905,108,False
Feb 20,Presidents' Day,1,37,30924,-23.9,97.0,136,227,232413829,109,False
Feb 21,,2,35,11262,-63.6,-57.4,136,82,232425091,110,False
Feb 22,,3,36,9205,-18.3,-36.3,136,67,232434296,111,False
Feb 23,,4,36,10730,16.6,-34.7,136,78,232445026,112,False
Feb 24,,5,37,20616,92.1,-30.3,105,196,232465642,113,False
Feb 25,,6,37,37833,83.5,-30.3,105,360,232503475,114,False
Feb 26,,7,36,23508,-37.9,-42.1,105,223,232526983,115,False
Feb 27,,1,41,5940,-74.7,-80.8,105,56,232532923,116,False
Feb 28,,2,40,6874,15.7,-39.0,105,65,232539797,117,False
Mar 1,,3,39,5682,-17.3,-38.3,105,54,232545479,118,False
Mar 2,,4,40,6439,13.3,-40.0,105,61,232551918,119,False
Mar 3,,5,43,10574,64.2,-48.7,81,130,232562492,120,False
Mar 4,,6,40,21141,99.9,-44.1,81,261,232583633,121,False
Mar 5,,7,40,13480,-36.2,-42.7,81,166,232597113,122,False
Mar 6,,1,43,3918,-70.9,-34.0,81,48,232601031,123,False
Mar 7,,2,46,4095,4.5,-40.4,81,50,232605126,124,False
Mar 8,,3,46,3363,-17.9,-40.8,81,41,232608489,125,False
Mar 9,,4,45,4031,19.9,-37.4,81,49,232612520,126,False
Mar 10,,5,45,4587,13.8,-56.6,47,97,232617107,127,False
Mar 11,,6,44,8125,77.1,-61.6,47,172,232625232,128,False
Mar 12,,7,44,5486,-32.5,-59.3,47,116,232630718,129,False
Mar 13,,1,45,2363,-56.9,-39.7,47,50,232633081,130,False
Mar 14,,2,42,2921,23.6,-28.7,47,62,232636002,131,False
Mar 15,,3,46,2725,-6.7,-19.0,47,57,232638727,132,False
Mar 16,,4,44,3193,17.2,-20.8,47,67,232641920,133,False
