Date,Event,DOW,Rank,Daily,YD%,LW%,Theaters,Avg,To Date,Day,Estimated
Nov 5,,5,1,30844219,,,4090,7541,30844219,1,False
Nov 6,,6,1,24124504,-21.8,,4090,5898,54968723,2,False
Nov 7,,7,1,16328496,-32.3,,4090,3992,71297219,3,False
Nov 8,,1,1,4262085,-73.9,,4090,1042,75559304,4,False
Nov 9,,2,1,5250371,23.2,,4090,1283,80809675,5,False
Nov 10,,3,1,4211822,-19.8,,4090,1029,85021497,6,False
Nov 11,,4,1,6243758,48.2,,4090,1526,91265255,7,False
Nov 12,,5,1,7839828,25.6,-74.6,4090,1916,99105083,8,False
Nov 13,,6,1,11868839,51.4,-50.8,4090,2901,110973922,9,False
Nov 14,,7,1,7141461,-39.8,-56.3,4090,1746,118115383,10,False
Nov 15,,1,1,1701899,-76.2,-60.1,4090,416,119817282,11,False
Nov 16,,2,1,2181960,28.2,-58.4,4090,533,121999242,12,False
Nov 17,,3,1,1614457,-26.0,-61.7,4090,394,123613699,13,False
Nov 18,,4,1,1378464,-14.6,-77.9,4090,337,124992163,14,False
Nov 19,,5,2,3035681,120.2,-61.3,4055,748,128027844,15,False
Nov 20,,6,2,4793785,57.9,-59.6,4055,1182,132821629,16,False
Nov 21,,7,2,3255389,-32.1,-54.4,4055,802,136077018,17,False
Nov 22,,1,2,1471368,-54.8,-13.5,4055,362,137548386,18,False
Nov 23,,2,2,1693423,15.1,-22.4,4055,417,139241809,19,False
Nov 24,,3,5,1923292,13.6,19.1,3165,607,141165101,20,False
Nov 25,Thanksgiving,4,4,1645144,-14.5,19.3,3165,519,142810245,21,False
Nov 26,,5,4,3084350,87.5,1.6,3165,974,145894595,22,False
Nov 27,,6,4,3120458,1.2,-34.9,3165,985,149015053,23,False
Nov 28,,7,4,1721097,-44.8,-47.1,3165,543,150736150,24,False
Nov 29,,1,4,457013,-73.4,-68.9,3165,144,151193163,25,False
Nov 30,,2,4,538506,17.8,-68.2,3165,170,151731669,26,False
Dec 1,,3,5,424188,-21.2,-77.9,3165,134,152155857,27,False
Dec 2,,4,5,433850,2.3,-73.6,3165,137,152589707,28,False
Dec 3,,5,5,1096675,152.8,-64.4,3230,339,153686382,29,False
Dec 4,,6,4,1827988,66.7,-41.4,3230,565,155514370,30,False
Dec 5,,7,5,1167798,-36.1,-32.1,3230,361,156682168,31,False
Dec 6,,1,5,332321,-71.5,-27.3,3230,102,157014489,32,False
Dec 7,,2,5,420617,26.6,-21.9,3230,130,157435106,33,False
Dec 8,,3,5,334907,-20.4,-21.0,3230,103,157770013,34,False
Dec 9,,4,5,347030,3.6,-20.0,3230,107,158117043,35,False
Dec 10,,5,5,803467,131.5,-26.7,3030,265,158920510,36,False
Dec 11,,6,5,1437130,78.9,-21.4,3030,474,160357640,37,False
Dec 12,,7,5,909252,-36.7,-22.1,3030,300,161266892,38,False
Dec 13,,1,5,284509,-68.7,-14.4,3030,93,161551401,39,False
Dec 14,,2,5,349993,23.0,-16.8,3030,115,161901394,40,False
Dec 15,,3,5,309846,-11.5,-7.5,3030,102,162211240,41,False
Dec 16,,4,5,195053,-37.0,-43.8,3030,64,162406293,42,False
Dec 17,,5,7,334646,71.6,-58.3,1900,176,162740939,43,False
Dec 18,,6,7,472298,41.1,-67.1,1900,248,163213237,44,False
Dec 19,,7,7,399910,-15.3,-56.0,1900,210,163613147,45,False
Dec 20,,1,7,221280,-44.7,-22.2,1900,116,163834427,46,False
Dec 21,,2,7,217463,-1.7,-37.9,1900,114,164051890,47,False
Dec 22,,3,10,118774,-45.4,-61.7,1100,107,164170664,48,False
Dec 23,,4,10,107558,-9.4,-44.9,1100,97,164278222,49,False
Dec 24,,5,11,34010,-68.4,-89.8,360,94,164312232,50,False
Dec 25,Christmas Day,6,15,51810,52.3,-89.0,360,143,164364042,51,False
Dec 26,,7,15,52490,1.3,-86.9,360,145,164416532,52,False
Dec 27,,1,14,47417,-9.7,-78.6,360,131,164463949,53,False
Dec 28,,2,14,45188,-4.7,-79.2,360,125,164509137,54,False
Dec 29,,3,14,42713,-5.5,-64.0,360,118,164551850,55,False
Dec 30,,4,14,38034,-11.0,-64.6,360,105,164589884,56,False
Dec 31,New Year's Eve,5,15,26437,-30.5,-22.3,175,151,164616321,57,False
Jan 1,New Year's Day,6,14,46428,75.6,-10.4,175,265,164662749,58,False
Jan 2,,7,15,31653,-31.8,-39.7,175,180,164694402,59,False
Jan 3,,1,14,16850,-46.8,-64.5,175,96,164711252,60,False
Jan 4,,2,14,12476,-26.0,-72.4,175,71,164723728,61,False
Jan 5,,3,14,9594,-23.1,-77.5,175,54,164733322,62,False
Jan 6,,4,14,10066,4.9,-73.5,175,57,164743388,63,False
Jan 7,,5,17,16491,63.8,-37.6,130,126,164759879,64,False
Jan 8,,6,16,25651,55.5,-44.8,130,197,164785530,65,False
Jan 9,,7,17,17114,-33.3,-45.9,130,131,164802644,66,False
Jan 10,,1,17,5539,-67.6,-67.1,130,42,164808183,67,False
Jan 11,,2,17,6186,11.7,-50.4,130,47,164814369,68,False
Jan 12,,3,17,5226,-15.5,-45.5,130,40,164819595,69,False
Jan 13,,4,19,4078,-22.0,-59.5,130,31,164823673,70,False
Jan 14,,5,22,5261,29.0,-68.1,85,61,164828934,71,False
Jan 15,,6,22,9520,81.0,-62.9,85,112,164838454,72,False
Jan 16,,7,22,6780,-28.8,-60.4,85,79,164845234,73,False
Jan 17,MLK Day,1,23,4095,-39.6,-26.1,85,48,164849329,74,False
Jan 18,,2,21,2171,-47.0,-64.9,85,25,164851500,75,False
Jan 19,,3,21,2010,-7.4,-61.5,85,23,164853510,76,False
Jan 20,,4,21,1634,-18.7,-59.9,85,19,164855144,77,False
Jan 21,,5,27,2416,47.9,-54.1,60,40,164857560,78,False
Jan 22,,6,27,5061,109.5,-46.8,60,84,164862621,79,False
Jan 23,,7,28,3197,-36.8,-52.8,60,53,164865818,80,False
Jan 24,,1,26,992,-69.0,-75.8,60,16,164866810,81,False
Jan 25,,2,26,1524,53.6,-29.8,60,25,164868334,82,False
Jan 26,,3,29,834,-45.3,-58.5,60,13,164869168,83,False
Jan 27,,4,28,1066,27.8,-34.8,60,17,164870234,84,False
