Date,Event,DOW,Rank,Daily,YD%,LW%,Theaters,Avg,To Date,Day,Estimated
May 5,,5,1,48103839,,,4450,10809,48103839,1,False
May 6,,6,1,38876290,-19.2,,4450,8736,86980129,2,False
May 7,,7,1,31433892,-19.1,,4450,7063,118414021,3,False
May 8,,1,1,8925041,-71.6,,4450,2005,127339062,4,False
May 9,,2,1,11082506,24.2,,4450,2490,138421568,5,False
May 10,,3,1,7120259,-35.8,,4450,1600,145541827,6,False
May 11,,4,1,7159351,0.5,,4450,1608,152701178,7,False
May 12,,5,1,15616247,118.1,-67.5,4450,3509,168317425,8,False
May 13,,6,1,26117258,67.2,-32.8,4450,5869,194434683,9,False
May 14,,7,1,20275043,-22.4,-35.5,4450,4556,214709726,10,False
May 15,,1,1,5183492,-74.4,-41.9,4450,1164,219893218,11,False
May 16,,2,1,6446574,24.4,-41.8,4450,1448,226339792,12,False
May 17,,3,1,4503738,-30.1,-36.7,4450,1012,230843530,13,False
May 18,,4,1,3699049,-17.9,-48.3,4450,831,234542579,14,False
May 19,,5,2,8453562,128.5,-45.9,4450,1899,242996141,15,False
May 20,,6,2,13993440,65.5,-46.4,4450,3144,256989581,16,False
May 21,,7,2,9960754,-28.8,-50.9,4450,2238,266950335,17,False
May 22,,1,2,3531223,-64.5,-31.9,4450,793,270481558,18,False
May 23,,2,2,3570956,1.1,-44.6,4450,802,274052514,19,False
May 24,,3,2,2773248,-22.3,-38.4,4450,623,276825762,20,False
May 25,,4,2,2650055,-4.4,-28.4,4450,595,279475817,21,False
May 26,,5,3,5546037,109.3,-34.4,3940,1407,285021854,22,False
May 27,,6,3,7668095,38.3,-45.2,3940,1946,292689949,23,False
May 28,,7,3,7599738,-0.9,-23.7,3940,1928,300289687,24,False
May 29,Memorial Day,1,2,6015074,-20.9,70.3,3940,1526,306304761,25,False
May 30,,2,3,2554956,-57.5,-28.5,3940,648,308859717,26,False
May 31,,3,2,2026033,-20.7,-26.9,3940,514,310885750,27,False
Jun 1,,4,2,1625704,-19.8,-38.7,3940,412,312511454,28,False
Jun 2,,5,4,2928891,80.2,-47.2,3580,818,315440345,29,False
Jun 3,,6,4,4420294,50.9,-42.4,3580,1234,319860639,30,False
Jun 4,,7,3,3328813,-24.7,-56.2,3580,929,323189452,31,False
Jun 5,,1,4,1243923,-62.6,-79.3,3580,347,324433375,32,False
Jun 6,,2,4,1555189,25.0,-39.1,3580,434,325988564,33,False
Jun 7,,3,4,1215866,-21.8,-40.0,3580,339,327204430,34,False
Jun 8,,4,4,1168339,-3.9,-28.1,3580,326,328372769,35,False
Jun 9,,5,5,2024899,73.3,-30.9,3175,637,330397668,36,False
Jun 10,,6,4,2886727,42.6,-34.7,3175,909,333284395,37,False
Jun 11,,7,4,2316378,-19.8,-30.4,3175,729,335600773,38,False
Jun 12,,1,5,920739,-60.3,-26.0,3175,289,336521512,39,False
Jun 13,,2,5,1147524,24.6,-26.2,3175,361,337669036,40,False
Jun 14,,3,5,937790,-18.3,-22.9,3175,295,338606826,41,False
Jun 15,,4,5,753529,-19.6,-35.5,3175,237,339360355,42,False
Jun 16,,5,7,1259451,67.1,-37.8,2260,557,340619806,43,False
Jun 17,,6,7,1834975,45.7,-36.4,2260,811,342454781,44,False
Jun 18,,7,6,2192951,19.5,-5.3,2260,970,344647732,45,False
Jun 19,,1,7,1012324,-53.8,9.9,2260,447,345660056,46,False
Jun 20,,2,7,749777,-25.9,-34.7,2260,331,346409833,47,False
Jun 21,,3,6,626390,-16.5,-33.2,2260,277,347036223,48,False
Jun 22,,4,7,568660,-9.2,-24.5,2260,251,347604883,49,False
Jun 23,,5,8,987257,73.6,-21.6,2010,491,348592140,50,False
Jun 24,,6,8,1430835,44.9,-22.0,2010,711,350022975,51,False
Jun 25,,7,8,1048323,-26.7,-52.2,2010,521,351071298,52,False
Jun 26,,1,8,500456,-52.3,-50.6,2010,248,351571754,53,False
Jun 27,,2,8,613768,22.6,-18.1,2010,305,352185522,54,False
Jun 28,,3,8,501384,-18.3,-20.0,2010,249,352686906,55,False
Jun 29,,4,8,388717,-22.5,-31.6,2010,193,353075623,56,False
Jun 30,,5,11,529135,36.1,-46.4,1165,454,353604758,57,False
Jul 1,,6,10,723824,36.8,-49.4,1165,621,354328582,58,False
Jul 2,,7,10,768021,6.1,-26.7,1165,659,355096603,59,False
Jul 3,,1,10,523339,-31.9,4.6,1165,449,355619942,60,False
Jul 4,Independence Day,2,11,437763,-16.4,-28.7,1165,375,356057705,61,False
Jul 5,,3,12,275224,-37.1,-45.1,1165,236,356332929,62,False
Jul 6,,4,11,244685,-11.1,-37.1,1165,210,356577614,63,False
Jul 7,,5,14,288463,17.9,-45.5,735,392,356866077,64,False
Jul 8,,6,13,414500,43.7,-42.7,735,563,357280577,65,False
Jul 9,,7,14,289500,-30.2,-62.3,735,393,357570077,66,False
Jul 10,,1,14,145329,-49.8,-72.2,735,197,357715406,67,False
Jul 11,,2,14,118702,-18.3,-72.9,735,161,357834108,68,False
Jul 12,,3,15,94906,-20.0,-65.5,735,129,357929014,69,False
Jul 13,,4,15,100339,5.7,-59.0,735,136,358029353,70,False
Jul 14,,5,15,128841,28.4,-55.3,405,318,358158194,71,False
Jul 15,,6,15,192835,49.7,-53.5,405,476,358351029,72,False
Jul 16,,7,15,137570,-28.7,-52.5,405,339,358488599,73,False
Jul 17,,1,15,63475,-53.9,-56.3,405,156,358552074,74,False
Jul 18,,2,15,78467,23.6,-33.9,405,193,358630541,75,False
Jul 19,,3,16,59615,-24.0,-37.2,405,147,358690156,76,False
Jul 20,,4,15,36638,-38.5,-63.5,405,90,358726794,77,False
Jul 21,,5,20,34552,-5.7,-73.2,125,276,358761346,78,False
Jul 22,,6,18,52805,52.8,-72.6,125,422,358814151,79,False
Jul 23,,7,18,39308,-25.6,-71.4,125,314,358853459,80,False
Jul 24,,1,20,13197,-66.4,-79.2,125,105,358866656,81,False
Jul 25,,2,19,19354,46.7,-75.3,125,154,358886010,82,False
Jul 26,,3,18,15965,-17.5,-73.2,125,127,358901975,83,False
Jul 27,,4,19,10351,-35.2,-71.7,125,82,358912326,84,False
Jul 28,,5,23,13205,27.6,-61.8,50,264,358925531,85,False
Jul 29,,6,24,16845,27.6,-68.1,50,336,358942376,86,False
Jul 30,,7,22,9716,-42.3,-75.3,50,194,358952092,87,False
Jul 31,,1,23,4627,-52.4,-64.9,50,92,358956719,88,False
Aug 1,,2,25,3692,-20.2,-80.9,50,73,358960411,89,False
Aug 2,,3,25,2879,-22.0,-82.0,50,57,358963290,90,False
Aug 3,,4,24,3509,21.9,-66.1,50,70,358966799,91,False
Aug 4,,5,26,9018,157.0,-31.7,33,273,358975817,92,False
Aug 5,,6,25,12264,36.0,-27.2,33,371,358988081,93,False
Aug 6,,7,26,4120,-66.4,-57.6,33,124,358992201,94,False
Aug 7,,1,27,994,-75.9,-78.5,33,30,358993195,95,False
Aug 8,,2,29,935,-5.9,-74.7,33,28,358994130,96,False
Aug 9,,3,28,604,-35.4,-79.0,33,18,358994734,97,False
Aug 10,,4,28,1081,79.0,-69.2,33,32,358995815,98,False
