"","Date","DOW","Rank","Daily","X...YD","X...LW","Theaters","Avg","To.Date","Day","Estimated"
"1","1-Aug",5,1,37845336,"-","-",4080,9275,"$37,845,336 ",1,FALSE
"2","2-Aug",6,1,30989857,"-18.10%","-",4080,7595,"$68,835,193 ",2,FALSE
"3","3-Aug",7,1,25485690,"-17.80%","-",4080,6246,"$94,320,883 ",3,FALSE
"4","4-Aug",1,1,11722356,"-54%","-",4080,2873,"$106,043,239 ",4,FALSE
"5","5-Aug",2,1,11907821,"1.60%","-",4080,2918,"$117,951,060 ",5,FALSE
"6","6-Aug",3,1,8808382,"-26%","-",4080,2158,"$126,759,442 ",6,FALSE
"7","7-Aug",4,1,7631397,"-13.40%","-",4080,1870,"$134,390,839 ",7,FALSE
"8","8-Aug",5,2,12312683,"61.30%","-67.50%",4088,3011,"$146,703,522 ",8,FALSE
"9","9-Aug",6,2,16947112,"37.60%","-45.30%",4088,4145,"$163,650,634 ",9,FALSE
"10","10-Aug",7,2,12865127,"-24.10%","-49.50%",4088,3147,"$176,515,761 ",10,FALSE
"11","11-Aug",1,2,5343905,"-58.50%","-54.40%",4088,1307,"$181,859,666 ",11,FALSE
"12","12-Aug",2,2,6609534,"23.70%","-44.50%",4088,1616,"$188,469,200 ",12,FALSE
"13","13-Aug",3,3,4849881,"-26.60%","-44.90%",4088,1186,"$193,319,081 ",13,FALSE
"14","14-Aug",4,2,4226740,"-12.80%","-44.60%",4088,1033,"$197,545,821 ",14,FALSE
"15","15-Aug",5,2,6940576,"64.20%","-43.60%",3697,1877,"$204,486,397 ",15,FALSE
"16","16-Aug",6,2,10353882,"49.20%","-38.90%",3697,2800,"$214,840,279 ",16,FALSE
"17","17-Aug",7,2,7821106,"-24.50%","-39.20%",3697,2115,"$222,661,385 ",17,FALSE
"18","18-Aug",1,1,2884902,"-63.10%","-46%",3697,780,"$225,546,287 ",18,FALSE
"19","19-Aug",2,2,3511416,"21.70%","-46.90%",3697,949,"$229,057,703 ",19,FALSE
"20","20-Aug",3,1,2623129,"-25.30%","-45.90%",3697,709,"$231,680,832 ",20,FALSE
"21","21-Aug",4,1,2573025,"-1.90%","-39.10%",3697,695,"$234,253,857 ",21,FALSE
"22","22-Aug",5,2,4818549,"87.30%","-30.60%",3371,1429,"$239,072,406 ",22,FALSE
"23","23-Aug",6,1,7480888,"55.30%","-27.70%",3371,2219,"$246,553,294 ",23,FALSE
"24","24-Aug",7,1,4902775,"-34.50%","-37.30%",3371,1454,"$251,456,069 ",24,FALSE
"25","25-Aug",1,1,1662402,"-66.10%","-42.40%",3371,493,"$253,118,471 ",25,FALSE
"26","26-Aug",2,1,2109302,"26.90%","-39.90%",3371,625,"$255,227,773 ",26,FALSE
"27","27-Aug",3,1,1507039,"-28.60%","-42.50%",3371,447,"$256,734,812 ",27,FALSE
"28","28-Aug",4,1,1562456,"3.70%","-39.30%",3371,463,"$258,297,268 ",28,FALSE
"29","29-Aug",5,1,3846423,"146.20%","-20.20%",3462,1111,"$262,143,691 ",29,FALSE
"30","30-Aug",6,1,6220274,"61.70%","-16.90%",3462,1796,"$268,363,965 ",30,FALSE
"31","31-Aug",7,1,7015565,"12.80%","43.10%",3462,2026,"$275,379,530 ",31,FALSE
"32","1-Sep",1,1,5824589,"-17%","250.40%",3462,1682,"$281,204,119 ",32,FALSE
"33","2-Sep",2,1,1387915,"-76.20%","-34.20%",3462,400,"$282,592,034 ",33,FALSE
"34","3-Sep",3,1,974670,"-29.80%","-35.30%",3462,281,"$283,566,704 ",34,FALSE
"35","4-Sep",4,1,841150,"-13.70%","-46.20%",3462,242,"$284,407,854 ",35,FALSE
"36","5-Sep",5,1,2707279,"221.90%","-29.60%",3221,840,"$287,115,133 ",36,FALSE
"37","6-Sep",6,1,5050351,"86.50%","-18.80%",3221,1567,"$292,165,484 ",37,FALSE
"38","7-Sep",7,1,2599715,"-48.50%","-62.90%",3221,807,"$294,765,199 ",38,FALSE
"39","8-Sep",1,1,721759,"-72.20%","-87.60%",3221,224,"$295,486,958 ",39,FALSE
"40","9-Sep",2,1,941747,"30.50%","-32.10%",3221,292,"$296,428,705 ",40,FALSE
"41","10-Sep",3,1,728882,"-22.60%","-25.20%",3221,226,"$297,157,587 ",41,FALSE
"42","11-Sep",4,1,727245,"-0.20%","-13.50%",3221,225,"$297,884,832 ",42,FALSE
"43","12-Sep",5,3,2114165,"190.70%","-21.90%",3104,681,"$299,998,997 ",43,FALSE
"44","13-Sep",6,3,3905201,"84.70%","-22.70%",3104,1258,"$303,904,198 ",44,FALSE
"45","14-Sep",7,3,2082992,"-46.70%","-19.90%",3104,671,"$305,987,190 ",45,FALSE
"46","15-Sep",1,2,578865,"-72.20%","-19.80%",3104,186,"$306,566,055 ",46,FALSE
"47","16-Sep",2,2,778903,"34.60%","-17.30%",3104,250,"$307,344,958 ",47,FALSE
"48","17-Sep",3,2,586451,"-24.70%","-19.50%",3104,188,"$307,931,409 ",48,FALSE
"49","18-Sep",4,2,557622,"-4.90%","-23.30%",3104,179,"$308,489,031 ",49,FALSE
"50","19-Sep",5,6,1382821,"148%","-34.60%",2846,485,"$309,871,852 ",50,FALSE
"51","20-Sep",6,6,2475953,"79.10%","-36.60%",2846,869,"$312,347,805 ",51,FALSE
"52","21-Sep",7,6,1383512,"-44.10%","-33.60%",2846,486,"$313,731,317 ",52,FALSE
"53","22-Sep",1,5,364039,"-73.70%","-37.10%",2846,127,"$314,095,356 ",53,FALSE
"54","23-Sep",2,5,448190,"23.10%","-42.50%",2846,157,"$314,543,546 ",54,FALSE
"55","24-Sep",3,5,382862,"-14.60%","-34.70%",2846,134,"$314,926,408 ",55,FALSE
"56","25-Sep",4,6,476867,"24.60%","-14.50%",2846,167,"$315,403,275 ",56,FALSE
"57","26-Sep",5,8,1025002,"114.90%","-25.90%",2451,418,"$316,428,277 ",57,FALSE
"58","27-Sep",6,8,1771534,"72.80%","-28.50%",2451,722,"$318,199,811 ",58,FALSE
"59","28-Sep",7,8,969405,"-45.30%","-29.90%",2451,395,"$319,169,216 ",59,FALSE
"60","29-Sep",1,7,284311,"-70.70%","-21.90%",2451,115,"$319,453,527 ",60,FALSE
"61","30-Sep",2,6,341097,"20%","-23.90%",2451,139,"$319,794,624 ",61,FALSE
"62","1-Oct",3,7,273729,"-19.80%","-28.50%",2451,111,"$320,068,353 ",62,FALSE
"63","2-Oct",4,6,258051,"-5.70%","-45.90%",2451,105,"$320,326,404 ",63,FALSE
"64","3-Oct",5,9,801532,"210.60%","-21.80%",1894,423,"$321,127,936 ",64,FALSE
"65","4-Oct",6,9,1461506,"82.30%","-17.50%",1894,771,"$322,589,442 ",65,FALSE
"66","5-Oct",7,9,742045,"-49.20%","-23.50%",1894,391,"$323,331,487 ",66,FALSE
"67","6-Oct",1,8,214336,"-71.10%","-24.60%",1894,113,"$323,545,823 ",67,FALSE
"68","7-Oct",2,8,270901,"26.40%","-20.60%",1894,143,"$323,816,724 ",68,FALSE
"69","8-Oct",3,8,228921,"-15.50%","-16.40%",1894,120,"$324,045,645 ",69,FALSE
"70","9-Oct",4,8,224259,"-2%","-13.10%",1894,118,"$324,269,904 ",70,FALSE
"71","10-Oct",5,12,504205,"124.80%","-37.10%",1291,390,"$324,774,109 ",71,FALSE
"72","11-Oct",6,12,818411,"62.30%","-44%",1291,633,"$325,592,520 ",72,FALSE
"73","12-Oct",7,11,502247,"-38.60%","-32.30%",1291,389,"$326,094,767 ",73,FALSE
"74","13-Oct",1,13,309686,"-38.30%","44.50%",1291,239,"$326,404,453 ",74,FALSE
"75","14-Oct",2,13,160905,"-48%","-40.60%",1291,124,"$326,565,358 ",75,FALSE
"76","15-Oct",3,13,143133,"-11%","-37.50%",1291,110,"$326,708,491 ",76,FALSE
"77","16-Oct",4,12,124240,"-13.20%","-44.60%",1291,96,"$326,832,731 ",77,FALSE
"78","17-Oct",5,13,280706,"125.90%","-44.30%",730,384,"$327,113,437 ",78,FALSE
"79","18-Oct",6,13,451835,"61%","-44.80%",730,618,"$327,565,272 ",79,FALSE
"80","19-Oct",7,14,227371,"-49.70%","-54.70%",730,311,"$327,792,643 ",80,FALSE
"81","20-Oct",1,15,79077,"-65.20%","-74.50%",730,108,"$327,871,720 ",81,FALSE
"82","21-Oct",2,15,83222,"5.20%","-48.30%",730,114,"$327,954,942 ",82,FALSE
"83","22-Oct",3,16,70854,"-14.90%","-50.50%",730,97,"$328,025,796 ",83,FALSE
"84","23-Oct",4,15,69793,"-1.50%","-43.80%",730,95,"$328,095,589 ",84,FALSE
