"","Date","DOW","Rank","Daily","X...YD","X...LW","Theaters","Avg","To.Date","Day","Estimated"
"1","1-May",4,1,3500000,"-","-",2500,1400,"$3,500,000 ","-",TRUE
"2","2-May",5,1,35234361,"-","-",4105,8583,"$38,734,361 ","1",FALSE
"3","3-May",6,1,37350099,"6%","-",4105,9098,"$76,084,460 ","2",FALSE
"4","4-May",7,1,26034208,"-30.30%","-",4105,6342,"$102,118,668 ","3",FALSE
"5","5-May",1,1,6934568,"-73.40%","-",4105,1689,"$109,053,236 ","4",FALSE
"6","6-May",2,1,6505784,"-6.20%","-",4105,1584,"$115,559,020 ","5",FALSE
"7","7-May",3,1,5747344,"-11.70%","-",4105,1400,"$121,306,364 ","6",FALSE
"8","8-May",4,1,5328031,"-7.30%","-",4105,1297,"$126,634,395 ","7",FALSE
"9","9-May",5,1,14873192,"179.10%","-57.80%",4111,3617,"$141,507,587 ","8",FALSE
"10","10-May",6,1,21374629,"43.70%","-42.80%",4111,5199,"$162,882,216 ","9",FALSE
"11","11-May",7,1,14942808,"-30.10%","-42.60%",4111,3634,"$177,825,024 ","10",FALSE
"12","12-May",1,1,3850844,"-74.20%","-44.50%",4111,936,"$181,675,868 ","11",FALSE
"13","13-May",2,1,3357146,"-12.80%","-48.40%",4111,816,"$185,033,014 ","12",FALSE
"14","14-May",3,1,3082988,"-8.20%","-46.40%",4111,749,"$188,116,002 ","13",FALSE
"15","15-May",4,1,3169387,"2.80%","-40.50%",4111,770,"$191,285,389 ","14",FALSE
"16","16-May",5,2,8659239,"173.20%","-41.80%",4154,2084,"$199,944,628 ","15",FALSE
"17","17-May",6,2,13431355,"55.10%","-37.20%",4154,3233,"$213,375,983 ","16",FALSE
"18","18-May",7,2,9748402,"-27.40%","-34.80%",4154,2346,"$223,124,385 ","17",FALSE
"19","19-May",1,2,3072182,"-68.50%","-20.20%",4154,739,"$226,196,567 ","18",FALSE
"20","20-May",2,2,2219928,"-27.70%","-33.90%",4154,534,"$228,416,495 ","19",FALSE
"21","21-May",3,2,1926258,"-13.20%","-37.50%",4154,463,"$230,342,753 ","20",FALSE
"22","22-May",4,3,1824663,"-5.30%","-42.40%",4154,439,"$232,167,416 ","21",FALSE
"23","23-May",5,3,5437126,"198%","-37.20%",3915,1388,"$237,604,542 ","22",FALSE
"24","24-May",6,3,7898842,"45.30%","-41.20%",3915,2017,"$245,503,384 ","23",FALSE
"25","25-May",7,3,7111285,"-10%","-27.10%",3915,1816,"$252,614,669 ","24",FALSE
"26","26-May",1,3,5663877,"-20.40%","84.40%",3915,1446,"$258,278,546 ","25",FALSE
"27","27-May",2,3,1561073,"-72.40%","-29.70%",3915,398,"$259,839,619 ","26",FALSE
"28","28-May",3,3,1395588,"-10.60%","-27.50%",3915,356,"$261,235,207 ","27",FALSE
"29","29-May",4,3,1389865,"-0.40%","-23.80%",3915,355,"$262,625,072 ","28",FALSE
"30","30-May",5,4,3783237,"172.20%","-30.40%",3650,1036,"$266,408,309 ","29",FALSE
"31","31-May",6,4,6068126,"60.40%","-23.20%",3650,1662,"$272,476,435 ","30",FALSE
"32","1-Jun",7,4,3689901,"-39.20%","-48.10%",3650,1010,"$276,166,336 ","31",FALSE
"33","2-Jun",1,4,1230719,"-66.60%","-78.30%",3650,337,"$277,397,055 ","32",FALSE
"34","3-Jun",2,4,1336009,"8.60%","-14.40%",3650,366,"$278,733,064 ","33",FALSE
"35","4-Jun",3,4,1312678,"-1.70%","-5.90%",3650,359,"$280,045,742 ","34",FALSE
"36","5-Jun",4,4,1324459,"0.90%","-4.70%",3650,362,"$281,370,201 ","35",FALSE
"37","6-Jun",5,6,2187329,"65.10%","-42.20%",2931,746,"$283,557,530 ","36",FALSE
"38","7-Jun",6,6,3164558,"44.70%","-47.80%",2931,1079,"$286,722,088 ","37",FALSE
"39","8-Jun",7,6,2125552,"-32.80%","-42.40%",2931,725,"$288,847,640 ","38",FALSE
"40","9-Jun",1,6,893971,"-57.90%","-27.40%",2931,305,"$289,741,611 ","39",FALSE
"41","10-Jun",2,6,859778,"-3.80%","-35.60%",2931,293,"$290,601,389 ","40",FALSE
"42","11-Jun",3,6,857937,"-0.20%","-34.60%",2931,292,"$291,459,326 ","41",FALSE
"43","12-Jun",4,6,838628,"-2.30%","-36.70%",2931,286,"$292,297,954 ","42",FALSE
"44","13-Jun",5,8,1466126,"74.80%","-33%",2403,610,"$293,764,080 ","43",FALSE
"45","14-Jun",6,7,2119187,"44.50%","-33%",2403,881,"$295,883,267 ","44",FALSE
"46","15-Jun",7,7,2035062,"-4%","-4.30%",2403,846,"$297,918,329 ","45",FALSE
"47","16-Jun",1,7,720888,"-64.60%","-19.40%",2403,299,"$298,639,217 ","46",FALSE
"48","17-Jun",2,7,680253,"-5.60%","-20.90%",2403,283,"$299,319,470 ","47",FALSE
"49","18-Jun",3,7,723320,"6.30%","-15.70%",2403,301,"$300,042,790 ","48",FALSE
"50","19-Jun",4,7,743079,"2.70%","-11.40%",2403,309,"$300,785,869 ","49",FALSE
"51","20-Jun",5,9,1130531,"52.10%","-22.90%",1912,591,"$301,916,400 ","50",FALSE
"52","21-Jun",6,9,1644786,"45.50%","-22.40%",1912,860,"$303,561,186 ","51",FALSE
"53","22-Jun",7,9,1254955,"-23.70%","-38.30%",1912,656,"$304,816,141 ","52",FALSE
"54","23-Jun",1,9,552947,"-55.90%","-23.30%",1912,289,"$305,369,088 ","53",FALSE
"55","24-Jun",2,9,512328,"-7.30%","-24.70%",1912,267,"$305,881,416 ","54",FALSE
"56","25-Jun",3,9,503165,"-1.80%","-30.40%",1912,263,"$306,384,581 ","55",FALSE
"57","26-Jun",4,9,537624,"6.80%","-27.60%",1912,281,"$306,922,205 ","56",FALSE
"58","27-Jun",5,11,636953,"18.50%","-43.70%",1379,461,"$307,559,158 ","57",FALSE
"59","28-Jun",6,11,928651,"45.80%","-43.50%",1379,673,"$308,487,809 ","58",FALSE
"60","29-Jun",7,11,691509,"-25.50%","-44.90%",1379,501,"$309,179,318 ","59",FALSE
"61","30-Jun",1,11,336907,"-51.30%","-39.10%",1379,244,"$309,516,225 ","60",FALSE
"62","1-Jul",2,12,244176,"-27.50%","-52.30%",1379,177,"$309,760,401 ","61",FALSE
"63","2-Jul",3,13,194080,"-20.50%","-61.40%",1379,140,"$309,954,481 ","62",FALSE
"64","3-Jul",4,13,294039,"51.50%","-45.30%",1379,213,"$310,248,520 ","63",FALSE
"65","4-Jul",5,12,405289,"37.80%","-36.40%",1019,397,"$310,653,809 ","64",FALSE
"66","5-Jul",6,13,627496,"54.80%","-32.40%",1019,615,"$311,281,305 ","65",FALSE
"67","6-Jul",7,13,426828,"-32%","-38.30%",1019,418,"$311,708,133 ","66",FALSE
"68","7-Jul",1,13,190671,"-55.30%","-43.40%",1019,187,"$311,898,804 ","67",FALSE
"69","8-Jul",2,13,191766,"0.60%","-21.50%",1019,188,"$312,090,570 ","68",FALSE
"70","9-Jul",3,13,193844,"1.10%","-0.10%",1019,190,"$312,284,414 ","69",FALSE
"71","10-Jul",4,13,197477,"1.90%","-32.80%",1019,193,"$312,481,891 ","70",FALSE
"72","11-Jul",5,14,266545,"35%","-34.20%",710,375,"$312,748,436 ","71",FALSE
"73","12-Jul",6,14,393307,"47.60%","-37.30%",710,553,"$313,141,743 ","72",FALSE
"74","13-Jul",7,13,279282,"-29%","-34.60%",710,393,"$313,421,025 ","73",FALSE
"75","14-Jul",1,13,126106,"-54.80%","-33.90%",710,177,"$313,547,131 ","74",FALSE
"76","15-Jul",2,14,124522,"-1.30%","-35.10%",710,175,"$313,671,653 ","75",FALSE
"77","16-Jul",3,13,132915,"6.70%","-31.40%",710,187,"$313,804,568 ","76",FALSE
"78","17-Jul",4,13,120562,"-9.30%","-38.90%",710,169,"$313,925,130 ","77",FALSE
"79","18-Jul",5,16,141575,"17.40%","-46.90%",375,377,"$314,066,705 ","78",FALSE
"80","19-Jul",6,16,189969,"34.20%","-51.70%",375,506,"$314,256,674 ","79",FALSE
"81","20-Jul",7,16,120294,"-36.70%","-56.90%",375,320,"$314,376,968 ","80",FALSE
"82","21-Jul",1,16,55221,"-54.10%","-56.20%",375,147,"$314,432,189 ","81",FALSE
"83","22-Jul",2,16,57092,"3.40%","-54.20%",375,152,"$314,489,281 ","82",FALSE
"84","23-Jul",3,16,62696,"9.80%","-52.80%",375,167,"$314,551,977 ","83",FALSE
"85","24-Jul",4,16,63324,"1%","-47.50%",375,168,"$314,615,301 ","84",FALSE
"86","25-Jul",5,19,92172,"45.60%","-34.90%",274,336,"$314,707,473 ","85",FALSE
"87","26-Jul",6,20,127609,"38.40%","-32.80%",274,465,"$314,835,082 ","86",FALSE
"88","27-Jul",7,19,90873,"-28.80%","-24.50%",274,331,"$314,925,955 ","87",FALSE
"89","28-Jul",1,19,42025,"-53.80%","-23.90%",274,153,"$314,967,980 ","88",FALSE
"90","29-Jul",2,19,50392,"19.90%","-11.70%",274,183,"$315,018,372 ","89",FALSE
"91","30-Jul",3,19,46229,"-8.30%","-26.30%",274,168,"$315,064,601 ","90",FALSE
"92","31-Jul",4,19,42988,"-7%","-32.10%",274,156,"$315,107,589 ","91",FALSE
"93","1-Aug",5,15,174012,"304.80%","88.80%",407,427,"$315,281,601 ","92",FALSE
"94","2-Aug",6,16,234185,"34.60%","83.50%",407,575,"$315,515,786 ","93",FALSE
"95","3-Aug",7,16,171982,"-26.60%","89.30%",407,422,"$315,687,768 ","94",FALSE
"96","4-Aug",1,16,91440,"-46.80%","117.60%",407,224,"$315,779,208 ","95",FALSE
"97","5-Aug",2,17,94709,"3.60%","87.90%",407,232,"$315,873,917 ","96",FALSE
"98","6-Aug",3,19,84511,"-10.80%","82.80%",407,207,"$315,958,428 ","97",FALSE
"99","7-Aug",4,19,83887,"-0.70%","95.10%",407,206,"$316,042,315 ","98",FALSE
"100","8-Aug",5,19,123484,"47.20%","-29%",345,357,"$316,165,799 ","99",FALSE
"101","9-Aug",6,19,177082,"43.40%","-24.40%",345,513,"$316,342,881 ","100",FALSE
"102","10-Aug",7,19,125936,"-28.90%","-26.80%",345,365,"$316,468,817 ","101",FALSE
"103","11-Aug",1,19,60134,"-52.30%","-34.20%",345,174,"$316,528,951 ","102",FALSE
"104","12-Aug",2,19,61890,"2.90%","-34.70%",345,179,"$316,590,841 ","103",FALSE
"105","13-Aug",3,20,62889,"1.60%","-25.60%",345,182,"$316,653,730 ","104",FALSE
"106","14-Aug",4,18,63387,"0.80%","-24.40%",345,183,"$316,717,117 ","105",FALSE
"107","15-Aug",5,22,101652,"60.40%","-17.70%",315,322,"$316,818,769 ","106",FALSE
"108","16-Aug",6,22,146586,"44.20%","-17.20%",315,465,"$316,965,355 ","107",FALSE
"109","17-Aug",7,23,92940,"-36.60%","-26.20%",315,295,"$317,058,295 ","108",FALSE
"110","18-Aug",1,23,41171,"-55.70%","-31.50%",315,130,"$317,099,466 ","109",FALSE
"111","19-Aug",2,22,46831,"13.70%","-24.30%",315,148,"$317,146,297 ","110",FALSE
"112","20-Aug",3,23,43460,"-7.20%","-30.90%",315,137,"$317,189,757 ","111",FALSE
"113","21-Aug",4,24,40353,"-7.10%","-36.30%",315,128,"$317,230,110 ","112",FALSE
"114","22-Aug",5,27,72954,"80.80%","-28.20%",257,283,"$317,303,064 ","113",FALSE
"115","23-Aug",6,26,106363,"45.80%","-27.40%",257,413,"$317,409,427 ","114",FALSE
"116","24-Aug",7,27,64025,"-39.80%","-31.10%",257,249,"$317,473,452 ","115",FALSE
"117","25-Aug",1,28,22189,"-65.30%","-46.10%",257,86,"$317,495,641 ","116",FALSE
"118","26-Aug",2,27,26116,"17.70%","-44.20%",257,101,"$317,521,757 ","117",FALSE
"119","27-Aug",3,25,24176,"-7.40%","-44.40%",257,94,"$317,545,933 ","118",FALSE
"120","28-Aug",4,25,24587,"1.70%","-39.10%",257,95,"$317,570,520 ","119",FALSE
"121","29-Aug",5,29,49601,"101.70%","-32%",220,225,"$317,620,121 ","120",FALSE
"122","30-Aug",6,29,84640,"70.60%","-20.40%",220,384,"$317,704,761 ","121",FALSE
"123","31-Aug",7,28,89395,"5.60%","39.60%",220,406,"$317,794,156 ","122",FALSE
"124","1-Sep",1,31,53520,"-40.10%","141.20%",220,243,"$317,847,676 ","123",FALSE
"125","2-Sep",2,29,11162,"-79.10%","-57.30%",220,50,"$317,858,838 ","124",FALSE
"126","3-Sep",3,29,10305,"-7.70%","-57.40%",220,46,"$317,869,143 ","125",FALSE
"127","4-Sep",4,29,10893,"5.70%","-55.70%",220,49,"$317,880,036 ","126",FALSE
"128","5-Sep",5,32,35385,"224.80%","-28.70%",205,172,"$317,915,421 ","127",FALSE
"129","6-Sep",6,32,61965,"75.10%","-26.80%",205,302,"$317,977,386 ","128",FALSE
"130","7-Sep",7,32,29384,"-52.60%","-67.10%",205,143,"$318,006,770 ","129",FALSE
"131","8-Sep",1,32,7192,"-75.50%","-86.60%",205,35,"$318,013,962 ","130",FALSE
"132","9-Sep",2,31,8577,"19.30%","-23.20%",205,41,"$318,022,539 ","131",FALSE
"133","10-Sep",3,31,8265,"-3.60%","-19.80%",205,40,"$318,030,804 ","132",FALSE
"134","11-Sep",4,30,9120,"10.30%","-16.30%",205,44,"$318,039,924 ","133",FALSE
"135","12-Sep",5,32,26103,"186.20%","-26.20%",156,167,"$318,066,027 ","134",FALSE
"136","13-Sep",6,31,46788,"79.20%","-24.50%",156,299,"$318,112,815 ","135",FALSE
"137","14-Sep",7,32,21925,"-53.10%","-25.40%",156,140,"$318,134,740 ","136",FALSE
"138","15-Sep",1,33,5552,"-74.70%","-22.80%",156,35,"$318,140,292 ","137",FALSE
"139","16-Sep",2,33,6383,"15%","-25.60%",156,40,"$318,146,675 ","138",FALSE
"140","17-Sep",3,33,6697,"4.90%","-19%",156,42,"$318,153,372 ","139",FALSE
"141","18-Sep",4,33,6745,"0.70%","-26%",156,43,"$318,160,117 ","140",FALSE
"142","19-Sep",5,36,15656,"132.10%","-40%",124,126,"$318,175,773 ","141",FALSE
"143","20-Sep",6,35,27820,"77.70%","-40.50%",124,224,"$318,203,593 ","142",FALSE
"144","21-Sep",7,36,15561,"-44.10%","-29%",124,125,"$318,219,154 ","143",FALSE
"145","22-Sep",1,36,4631,"-70.20%","-16.60%",124,37,"$318,223,785 ","144",FALSE
"146","23-Sep",2,36,5731,"23.80%","-10.20%",124,46,"$318,229,516 ","145",FALSE
"147","24-Sep",3,35,4955,"-13.50%","-26%",124,39,"$318,234,471 ","146",FALSE
"148","25-Sep",4,35,5345,"7.90%","-20.80%",124,43,"$318,239,816 ","147",FALSE
"149","26-Sep",5,39,16942,"217%","8.20%",121,140,"$318,256,758 ","148",FALSE
"150","27-Sep",6,38,28836,"70.20%","3.70%",121,238,"$318,285,594 ","149",FALSE
"151","28-Sep",7,41,12586,"-56.40%","-19.10%",121,104,"$318,298,180 ","150",FALSE
"152","29-Sep",1,40,3737,"-70.30%","-19.30%",121,30,"$318,301,917 ","151",FALSE
"153","30-Sep",2,40,4033,"7.90%","-29.60%",121,33,"$318,305,950 ","152",FALSE
"154","1-Oct",3,41,3455,"-14.30%","-30.30%",121,28,"$318,309,405 ","153",FALSE
"155","2-Oct",4,41,3794,"9.80%","-29%",121,31,"$318,313,199 ","154",FALSE
"156","6-May",4,11,192025,"-","-",1105,173,"$318,604,126 ","735",FALSE
