Date,Event,DOW,Rank,Daily,YD%,LW%,Theaters,Avg,To Date,Day,Estimated
May 7,,5,1,51239677,,,4380,11698,51239677,1,False
May 8,,6,1,45776170,-10.7,,4380,10451,97015847,2,False
May 9,,7,1,31106633,-32.0,,4380,7101,128122480,3,False
May 10,,1,1,9366982,-69.9,,4380,2138,137489462,4,False
May 11,,2,1,8380235,-10.5,,4380,1913,145869697,5,False
May 12,,3,1,6951326,-17.1,,4380,1587,152821023,6,False
May 13,,4,1,6338848,-8.8,,4380,1447,159159871,7,False
May 14,,5,1,15120949,138.5,-70.5,4390,3444,174280820,8,False
May 15,,6,1,22642564,49.7,-50.5,4390,5157,196923384,9,False
May 16,,7,1,14277492,-36.9,-54.1,4390,3252,211200876,10,False
May 17,,1,1,3715485,-74.0,-60.3,4390,846,214916361,11,False
May 18,,2,1,3565064,-4.0,-57.5,4390,812,218481425,12,False
May 19,,3,1,3145551,-11.8,-54.7,4390,716,221626976,13,False
May 20,,4,1,3037827,-3.4,-52.1,4390,691,224664803,14,False
May 21,,5,2,7549509,148.5,-50.1,4177,1807,232214312,15,False
May 22,,6,2,11505392,52.4,-49.2,4177,2754,243719704,16,False
May 23,,7,2,7306357,-36.5,-48.8,4177,1749,251026061,17,False
May 24,,1,2,2215378,-69.7,-40.4,4177,530,253241439,18,False
May 25,,2,2,1810492,-18.3,-49.2,4177,433,255051931,19,False
May 26,,3,2,1684755,-6.9,-46.4,4177,403,256736686,20,False
May 27,,4,3,1840224,9.2,-39.4,4177,440,258576910,21,False
May 28,,5,4,4440472,141.3,-41.2,3804,1167,263017382,22,False
May 29,,6,4,6165974,38.9,-46.4,3804,1620,269183356,23,False
May 30,,7,4,5852544,-5.1,-19.9,3804,1538,275035900,24,False
May 31,Memorial Day,1,4,4617249,-21.1,108.4,3804,1213,279653149,25,False
Jun 1,,2,4,1386018,-70.0,-23.4,3804,364,281039167,26,False
Jun 2,,3,4,1220457,-11.9,-27.6,3804,320,282259624,27,False
Jun 3,,4,4,1251538,2.5,-32.0,3804,329,283511162,28,False
Jun 4,,5,8,2189199,74.9,-50.7,3007,728,285700361,29,False
Jun 5,,6,7,3482014,59.1,-43.5,3007,1157,289182375,30,False
Jun 6,,7,7,2247495,-35.5,-61.6,3007,747,291429870,31,False
Jun 7,,1,7,802229,-64.3,-82.6,3007,266,292232099,32,False
Jun 8,,2,7,827461,3.1,-40.3,3007,275,293059560,33,False
Jun 9,,3,7,848031,2.5,-30.5,3007,282,293907591,34,False
Jun 10,,4,7,853593,0.7,-31.8,3007,283,294761184,35,False
Jun 11,World Cup (South Africa),5,9,1342063,57.2,-38.7,2305,582,296103247,36,False
Jun 12,World Cup (South Africa),6,9,1936638,44.3,-44.4,2305,840,298039885,37,False
Jun 13,World Cup (South Africa),7,9,1242505,-35.8,-44.7,2305,539,299282390,38,False
Jun 14,World Cup (South Africa),1,9,538035,-56.7,-32.9,2305,233,299820425,39,False
Jun 15,World Cup (South Africa),2,9,511560,-4.9,-38.2,2305,221,300331985,40,False
Jun 16,World Cup (South Africa),3,9,536515,4.9,-36.7,2305,232,300868500,41,False
Jun 17,World Cup (South Africa),4,9,469577,-12.5,-45.0,2305,203,301338077,42,False
Jun 18,World Cup (South Africa),5,10,715417,52.4,-46.7,1612,443,302053494,43,False
Jun 19,World Cup (South Africa),6,10,1049141,46.6,-45.8,1612,650,303102635,44,False
Jun 20,World Cup (South Africa),7,9,1107694,5.6,-10.8,1612,687,304210329,45,False
Jun 21,World Cup (South Africa),1,10,342907,-69.0,-36.3,1612,212,304553236,46,False
Jun 22,World Cup (South Africa),2,11,331915,-3.2,-35.1,1612,205,304885151,47,False
Jun 23,World Cup (South Africa),3,12,300013,-9.6,-44.1,1612,186,305185164,48,False
Jun 24,World Cup (South Africa),4,11,322105,7.4,-31.4,1612,199,305507269,49,False
Jun 25,World Cup (South Africa),5,11,410966,27.6,-42.6,1169,351,305918235,50,False
Jun 26,World Cup (South Africa),6,11,593766,44.5,-43.4,1169,507,306512001,51,False
Jun 27,World Cup (South Africa),7,11,431646,-27.3,-61.0,1169,369,306943647,52,False
Jun 28,World Cup (South Africa),1,11,194463,-54.9,-43.3,1169,166,307138110,53,False
Jun 29,World Cup (South Africa),2,13,180240,-7.3,-45.7,1169,154,307318350,54,False
Jun 30,World Cup (South Africa),3,11,175166,-2.8,-41.6,1169,149,307493516,55,False
Jul 1,World Cup (South Africa),4,11,160947,-8.1,-50.0,1169,137,307654463,56,False
Jul 2,World Cup (South Africa),5,13,215079,33.6,-47.7,522,412,307869542,57,False
Jul 3,World Cup (South Africa),6,13,243163,13.1,-59.0,522,465,308112705,58,False
Jul 4,Independence DayWorld Cup (South Africa),7,11,180072,-25.9,-58.3,522,344,308292777,59,False
Jul 5,World Cup (South Africa),1,11,237520,31.9,22.1,522,455,308530297,60,False
Jul 6,World Cup (South Africa),2,13,106552,-55.1,-40.9,522,204,308636849,61,False
Jul 7,World Cup (South Africa),3,11,101621,-4.6,-42.0,522,194,308738470,62,False
Jul 8,World Cup (South Africa),4,10,106069,4.4,-34.1,522,203,308844539,63,False
Jul 9,World Cup (South Africa),5,17,121643,14.7,-43.4,333,365,308966182,64,False
Jul 10,World Cup (South Africa),6,17,170995,40.6,-29.7,333,513,309137177,65,False
Jul 11,World Cup (South Africa),7,16,100117,-41.5,-44.4,333,300,309237294,66,False
Jul 12,,1,17,53511,-46.6,-77.5,333,160,309290805,67,False
Jul 13,,2,17,61215,14.4,-42.5,333,183,309352020,68,False
Jul 14,,3,18,55289,-9.7,-45.6,333,166,309407309,69,False
Jul 15,,4,18,49541,-10.4,-53.3,333,148,309456850,70,False
Jul 16,,5,13,168147,239.4,38.2,362,464,309624997,71,False
Jul 17,,6,13,221843,31.9,29.7,362,612,309846840,72,False
Jul 18,,7,13,171750,-22.6,71.5,362,474,310018590,73,False
Jul 19,,1,13,91726,-46.6,71.4,362,253,310110316,74,False
Jul 20,,2,13,108329,18.1,77.0,362,299,310218645,75,False
Jul 21,,3,13,90655,-16.3,64.0,362,250,310309300,76,False
Jul 22,,4,13,92549,2.1,86.8,362,255,310401849,77,False
Jul 23,,5,15,136636,47.6,-18.7,330,414,310538485,78,False
Jul 24,,6,15,178357,30.5,-19.6,330,540,310716842,79,False
Jul 25,,7,15,123982,-30.5,-27.8,330,375,310840824,80,False
Jul 26,,1,16,67183,-45.8,-26.8,330,203,310908007,81,False
Jul 27,,2,16,74910,11.5,-30.8,330,227,310982917,82,False
Jul 28,,3,17,67734,-9.6,-25.3,330,205,311050651,83,False
Jul 29,,4,17,65079,-3.9,-29.7,330,197,311115730,84,False
Jul 30,,5,19,91350,40.4,-33.1,286,319,311207080,85,False
Jul 31,,6,19,122483,34.1,-31.3,286,428,311329563,86,False
Aug 1,,7,20,87444,-28.6,-29.5,286,305,311417007,87,False
Aug 2,,1,19,48008,-45.1,-28.5,286,167,311465015,88,False
Aug 3,,2,19,52668,9.7,-29.7,286,184,311517683,89,False
Aug 4,,3,19,47133,-10.5,-30.4,286,164,311564816,90,False
Aug 5,,4,19,47850,1.5,-26.5,286,167,311612666,91,False
Aug 6,,5,25,56802,18.7,-37.8,224,253,311669468,92,False
Aug 7,,6,24,80884,42.4,-34.0,224,361,311750352,93,False
Aug 8,,7,24,55829,-31.0,-36.2,224,249,311806181,94,False
Aug 9,,1,23,29331,-47.5,-38.9,224,130,311835512,95,False
Aug 10,,2,23,35097,19.7,-33.4,224,156,311870609,96,False
Aug 11,,3,22,30077,-14.3,-36.2,224,134,311900686,97,False
Aug 12,,4,22,29869,-0.7,-37.6,224,133,311930555,98,False
Aug 13,,5,28,35383,18.5,-37.7,178,198,311965938,99,False
Aug 14,,6,27,53704,51.8,-33.6,178,301,312019642,100,False
Aug 15,,7,27,37791,-29.6,-32.3,178,212,312057433,101,False
Aug 16,,1,28,16883,-55.3,-42.4,178,94,312074316,102,False
Aug 17,,2,29,19044,12.8,-45.7,178,106,312093360,103,False
Aug 18,,3,30,16801,-11.8,-44.1,178,94,312110161,104,False
Aug 19,,4,26,18184,8.2,-39.1,178,102,312128345,105,False
