Date,Event,DOW,Rank,Daily,YD%,LW%,Theaters,Avg,To Date,Day,Estimated
May 1,,4,1,3500000,,,2500,1400,3500000,-,True
May 2,,5,1,35234361,,,4105,8583,38734361,1,False
May 3,,6,1,37350099,6.0,,4105,9098,76084460,2,False
May 4,,7,1,26034208,-30.3,,4105,6342,102118668,3,False
May 5,,1,1,6934568,-73.4,,4105,1689,109053236,4,False
May 6,,2,1,6505784,-6.2,,4105,1584,115559020,5,False
May 7,,3,1,5747344,-11.7,,4105,1400,121306364,6,False
May 8,,4,1,5328031,-7.3,,4105,1297,126634395,7,False
May 9,,5,1,14873192,179.1,-57.8,4111,3617,141507587,8,False
May 10,,6,1,21374629,43.7,-42.8,4111,5199,162882216,9,False
May 11,,7,1,14942808,-30.1,-42.6,4111,3634,177825024,10,False
May 12,,1,1,3850844,-74.2,-44.5,4111,936,181675868,11,False
May 13,,2,1,3357146,-12.8,-48.4,4111,816,185033014,12,False
May 14,,3,1,3082988,-8.2,-46.4,4111,749,188116002,13,False
May 15,,4,1,3169387,2.8,-40.5,4111,770,191285389,14,False
May 16,,5,2,8659239,173.2,-41.8,4154,2084,199944628,15,False
May 17,,6,2,13431355,55.1,-37.2,4154,3233,213375983,16,False
May 18,,7,2,9748402,-27.4,-34.8,4154,2346,223124385,17,False
May 19,,1,2,3072182,-68.5,-20.2,4154,739,226196567,18,False
May 20,,2,2,2219928,-27.7,-33.9,4154,534,228416495,19,False
May 21,,3,2,1926258,-13.2,-37.5,4154,463,230342753,20,False
May 22,,4,3,1824663,-5.3,-42.4,4154,439,232167416,21,False
May 23,,5,3,5437126,198.0,-37.2,3915,1388,237604542,22,False
May 24,,6,3,7898842,45.3,-41.2,3915,2017,245503384,23,False
May 25,,7,3,7111285,-10.0,-27.1,3915,1816,252614669,24,False
May 26,Memorial Day,1,3,5663877,-20.4,84.4,3915,1446,258278546,25,False
May 27,,2,3,1561073,-72.4,-29.7,3915,398,259839619,26,False
May 28,,3,3,1395588,-10.6,-27.5,3915,356,261235207,27,False
May 29,,4,3,1389865,-0.4,-23.8,3915,355,262625072,28,False
May 30,,5,4,3783237,172.2,-30.4,3650,1036,266408309,29,False
May 31,,6,4,6068126,60.4,-23.2,3650,1662,272476435,30,False
Jun 1,,7,4,3689901,-39.2,-48.1,3650,1010,276166336,31,False
Jun 2,,1,4,1230719,-66.6,-78.3,3650,337,277397055,32,False
Jun 3,,2,4,1336009,8.6,-14.4,3650,366,278733064,33,False
Jun 4,,3,4,1312678,-1.7,-5.9,3650,359,280045742,34,False
Jun 5,,4,4,1324459,0.9,-4.7,3650,362,281370201,35,False
Jun 6,,5,6,2187329,65.1,-42.2,2931,746,283557530,36,False
Jun 7,,6,6,3164558,44.7,-47.8,2931,1079,286722088,37,False
Jun 8,,7,6,2125552,-32.8,-42.4,2931,725,288847640,38,False
Jun 9,,1,6,893971,-57.9,-27.4,2931,305,289741611,39,False
Jun 10,,2,6,859778,-3.8,-35.6,2931,293,290601389,40,False
Jun 11,,3,6,857937,-0.2,-34.6,2931,292,291459326,41,False
Jun 12,,4,6,838628,-2.3,-36.7,2931,286,292297954,42,False
Jun 13,,5,8,1466126,74.8,-33.0,2403,610,293764080,43,False
Jun 14,,6,7,2119187,44.5,-33.0,2403,881,295883267,44,False
Jun 15,,7,7,2035062,-4.0,-4.3,2403,846,297918329,45,False
Jun 16,,1,7,720888,-64.6,-19.4,2403,299,298639217,46,False
Jun 17,,2,7,680253,-5.6,-20.9,2403,283,299319470,47,False
Jun 18,,3,7,723320,6.3,-15.7,2403,301,300042790,48,False
Jun 19,,4,7,743079,2.7,-11.4,2403,309,300785869,49,False
Jun 20,,5,9,1130531,52.1,-22.9,1912,591,301916400,50,False
Jun 21,,6,9,1644786,45.5,-22.4,1912,860,303561186,51,False
Jun 22,,7,9,1254955,-23.7,-38.3,1912,656,304816141,52,False
Jun 23,,1,9,552947,-55.9,-23.3,1912,289,305369088,53,False
Jun 24,,2,9,512328,-7.3,-24.7,1912,267,305881416,54,False
Jun 25,,3,9,503165,-1.8,-30.4,1912,263,306384581,55,False
Jun 26,,4,9,537624,6.8,-27.6,1912,281,306922205,56,False
Jun 27,,5,11,636953,18.5,-43.7,1379,461,307559158,57,False
Jun 28,,6,11,928651,45.8,-43.5,1379,673,308487809,58,False
Jun 29,,7,11,691509,-25.5,-44.9,1379,501,309179318,59,False
Jun 30,,1,11,336907,-51.3,-39.1,1379,244,309516225,60,False
Jul 1,,2,12,244176,-27.5,-52.3,1379,177,309760401,61,False
Jul 2,,3,13,194080,-20.5,-61.4,1379,140,309954481,62,False
Jul 3,,4,13,294039,51.5,-45.3,1379,213,310248520,63,False
Jul 4,Independence Day,5,12,405289,37.8,-36.4,1019,397,310653809,64,False
Jul 5,,6,13,627496,54.8,-32.4,1019,615,311281305,65,False
Jul 6,,7,13,426828,-32.0,-38.3,1019,418,311708133,66,False
Jul 7,,1,13,190671,-55.3,-43.4,1019,187,311898804,67,False
Jul 8,,2,13,191766,0.6,-21.5,1019,188,312090570,68,False
Jul 9,,3,13,193844,1.1,-0.1,1019,190,312284414,69,False
Jul 10,,4,13,197477,1.9,-32.8,1019,193,312481891,70,False
Jul 11,,5,14,266545,35.0,-34.2,710,375,312748436,71,False
Jul 12,,6,14,393307,47.6,-37.3,710,553,313141743,72,False
Jul 13,,7,13,279282,-29.0,-34.6,710,393,313421025,73,False
Jul 14,,1,13,126106,-54.8,-33.9,710,177,313547131,74,False
Jul 15,,2,14,124522,-1.3,-35.1,710,175,313671653,75,False
Jul 16,,3,13,132915,6.7,-31.4,710,187,313804568,76,False
Jul 17,,4,13,120562,-9.3,-38.9,710,169,313925130,77,False
Jul 18,,5,16,141575,17.4,-46.9,375,377,314066705,78,False
Jul 19,,6,16,189969,34.2,-51.7,375,506,314256674,79,False
Jul 20,,7,16,120294,-36.7,-56.9,375,320,314376968,80,False
Jul 21,,1,16,55221,-54.1,-56.2,375,147,314432189,81,False
Jul 22,,2,16,57092,3.4,-54.2,375,152,314489281,82,False
Jul 23,,3,16,62696,9.8,-52.8,375,167,314551977,83,False
Jul 24,,4,16,63324,1.0,-47.5,375,168,314615301,84,False
Jul 25,,5,19,92172,45.6,-34.9,274,336,314707473,85,False
Jul 26,,6,20,127609,38.4,-32.8,274,465,314835082,86,False
Jul 27,,7,19,90873,-28.8,-24.5,274,331,314925955,87,False
Jul 28,,1,19,42025,-53.8,-23.9,274,153,314967980,88,False
Jul 29,,2,19,50392,19.9,-11.7,274,183,315018372,89,False
Jul 30,,3,19,46229,-8.3,-26.3,274,168,315064601,90,False
Jul 31,,4,19,42988,-7.0,-32.1,274,156,315107589,91,False
Aug 1,,5,15,174012,304.8,88.8,407,427,315281601,92,False
Aug 2,,6,16,234185,34.6,83.5,407,575,315515786,93,False
Aug 3,,7,16,171982,-26.6,89.3,407,422,315687768,94,False
Aug 4,,1,16,91440,-46.8,117.6,407,224,315779208,95,False
Aug 5,,2,17,94709,3.6,87.9,407,232,315873917,96,False
Aug 6,,3,19,84511,-10.8,82.8,407,207,315958428,97,False
Aug 7,,4,19,83887,-0.7,95.1,407,206,316042315,98,False
Aug 8,Beijing Olympics,5,19,123484,47.2,-29.0,345,357,316165799,99,False
Aug 9,Beijing Olympics,6,19,177082,43.4,-24.4,345,513,316342881,100,False
Aug 10,Beijing Olympics,7,19,125936,-28.9,-26.8,345,365,316468817,101,False
Aug 11,Beijing Olympics,1,19,60134,-52.3,-34.2,345,174,316528951,102,False
Aug 12,Beijing Olympics,2,19,61890,2.9,-34.7,345,179,316590841,103,False
Aug 13,Beijing Olympics,3,20,62889,1.6,-25.6,345,182,316653730,104,False
Aug 14,Beijing Olympics,4,18,63387,0.8,-24.4,345,183,316717117,105,False
Aug 15,Beijing Olympics,5,22,101652,60.4,-17.7,315,322,316818769,106,False
Aug 16,Beijing Olympics,6,22,146586,44.2,-17.2,315,465,316965355,107,False
Aug 17,Beijing Olympics,7,23,92940,-36.6,-26.2,315,295,317058295,108,False
Aug 18,Beijing Olympics,1,23,41171,-55.7,-31.5,315,130,317099466,109,False
Aug 19,Beijing Olympics,2,22,46831,13.7,-24.3,315,148,317146297,110,False
Aug 20,Beijing Olympics,3,23,43460,-7.2,-30.9,315,137,317189757,111,False
Aug 21,Beijing Olympics,4,24,40353,-7.1,-36.3,315,128,317230110,112,False
Aug 22,Beijing Olympics,5,27,72954,80.8,-28.2,257,283,317303064,113,False
Aug 23,Beijing Olympics,6,26,106363,45.8,-27.4,257,413,317409427,114,False
Aug 24,Beijing Olympics,7,27,64025,-39.8,-31.1,257,249,317473452,115,False
Aug 25,,1,28,22189,-65.3,-46.1,257,86,317495641,116,False
Aug 26,,2,27,26116,17.7,-44.2,257,101,317521757,117,False
Aug 27,,3,25,24176,-7.4,-44.4,257,94,317545933,118,False
Aug 28,,4,25,24587,1.7,-39.1,257,95,317570520,119,False
Aug 29,,5,29,49601,101.7,-32.0,220,225,317620121,120,False
Aug 30,,6,29,84640,70.6,-20.4,220,384,317704761,121,False
Aug 31,,7,28,89395,5.6,39.6,220,406,317794156,122,False
Sep 1,Labor Day,1,31,53520,-40.1,141.2,220,243,317847676,123,False
Sep 2,,2,29,11162,-79.1,-57.3,220,50,317858838,124,False
Sep 3,,3,29,10305,-7.7,-57.4,220,46,317869143,125,False
Sep 4,,4,29,10893,5.7,-55.7,220,49,317880036,126,False
Sep 5,,5,32,35385,224.8,-28.7,205,172,317915421,127,False
Sep 6,,6,32,61965,75.1,-26.8,205,302,317977386,128,False
Sep 7,,7,32,29384,-52.6,-67.1,205,143,318006770,129,False
Sep 8,,1,32,7192,-75.5,-86.6,205,35,318013962,130,False
Sep 9,,2,31,8577,19.3,-23.2,205,41,318022539,131,False
Sep 10,,3,31,8265,-3.6,-19.8,205,40,318030804,132,False
Sep 11,,4,30,9120,10.3,-16.3,205,44,318039924,133,False
Sep 12,,5,32,26103,186.2,-26.2,156,167,318066027,134,False
Sep 13,,6,31,46788,79.2,-24.5,156,299,318112815,135,False
Sep 14,,7,32,21925,-53.1,-25.4,156,140,318134740,136,False
Sep 15,,1,33,5552,-74.7,-22.8,156,35,318140292,137,False
Sep 16,,2,33,6383,15.0,-25.6,156,40,318146675,138,False
Sep 17,,3,33,6697,4.9,-19.0,156,42,318153372,139,False
Sep 18,,4,33,6745,0.7,-26.0,156,43,318160117,140,False
Sep 19,,5,36,15656,132.1,-40.0,124,126,318175773,141,False
Sep 20,,6,35,27820,77.7,-40.5,124,224,318203593,142,False
Sep 21,,7,36,15561,-44.1,-29.0,124,125,318219154,143,False
Sep 22,,1,36,4631,-70.2,-16.6,124,37,318223785,144,False
Sep 23,,2,36,5731,23.8,-10.2,124,46,318229516,145,False
Sep 24,,3,35,4955,-13.5,-26.0,124,39,318234471,146,False
Sep 25,,4,35,5345,7.9,-20.8,124,43,318239816,147,False
Sep 26,,5,39,16942,217.0,8.2,121,140,318256758,148,False
Sep 27,,6,38,28836,70.2,3.7,121,238,318285594,149,False
Sep 28,,7,41,12586,-56.4,-19.1,121,104,318298180,150,False
Sep 29,,1,40,3737,-70.3,-19.3,121,30,318301917,151,False
Sep 30,,2,40,4033,7.9,-29.6,121,33,318305950,152,False
Oct 1,,3,41,3455,-14.3,-30.3,121,28,318309405,153,False
Oct 2,,4,41,3794,9.8,-29.0,121,31,318313199,154,False
May 6,,4,11,192025,,,1105,173,318604126,735,False
