Date,Event,DOW,Rank,Daily,YD%,LW%,Theaters,Avg,To Date,Day,Estimated
May 4,,5,1,80813985,,,4349,18582,80813985,1,False
May 5,,6,1,69557990,-13.9,,4349,15994,150371975,2,False
May 6,,7,1,57066733,-18.0,,4349,13121,207438708,3,False
May 7,,1,1,18898999,-66.9,,4349,4345,226337707,4,False
May 8,,2,1,17677190,-6.5,,4349,4064,244014897,5,False
May 9,,3,1,13612910,-23.0,,4349,3130,257627807,6,False
May 10,,4,1,12391566,-9.0,,4349,2849,270019373,7,False
May 11,,5,1,29223517,135.8,-63.8,4349,6719,299242890,8,False
May 12,,6,1,42905519,46.8,-38.3,4349,9865,342148409,9,False
May 13,,7,1,30923238,-27.9,-45.8,4349,7110,373071647,10,False
May 14,,1,1,7923789,-74.4,-58.1,4349,1821,380995436,11,False
May 15,,2,1,8477854,7.0,-52.0,4349,1949,389473290,12,False
May 16,,3,1,6339757,-25.2,-53.4,4349,1457,395813047,13,False
May 17,,4,1,6208368,-2.1,-49.9,4349,1427,402021415,14,False
May 18,,5,1,15236046,145.4,-47.9,4249,3585,417257461,15,False
May 19,,6,1,23587069,54.8,-45.0,4249,5551,440844530,16,False
May 20,,7,1,16820987,-28.7,-45.6,4249,3958,457665517,17,False
May 21,,1,1,5687934,-66.2,-28.2,4249,1338,463353451,18,False
May 22,,2,1,4917764,-13.5,-42.0,4249,1157,468271215,19,False
May 23,,3,1,3968406,-19.3,-37.4,4249,933,472239621,20,False
May 24,,4,1,4445167,12.0,-28.4,4249,1046,476684788,21,False
May 25,,5,2,9664323,117.4,-36.6,3918,2466,486349111,22,False
May 26,,6,2,14066384,45.5,-40.4,3918,3590,500415495,23,False
May 27,,7,2,12956164,-7.9,-23.0,3918,3306,513371659,24,False
May 28,Memorial Day,1,2,10535543,-18.7,85.2,3918,2689,523907202,25,False
May 29,,2,2,3266753,-69.0,-33.6,3918,833,527173955,26,False
May 30,,3,2,2515041,-23.0,-36.6,3918,641,529688996,27,False
May 31,,4,2,2774984,10.3,-37.6,3918,708,532463980,28,False
Jun 1,,5,3,5641642,103.3,-41.6,3670,1537,538105622,29,False
Jun 2,,6,3,9017913,59.8,-35.9,3670,2457,547123535,30,False
Jun 3,,7,3,5826863,-35.4,-55.0,3670,1587,552950398,31,False
Jun 4,,1,3,2042375,-64.9,-80.6,3670,556,554992773,32,False
Jun 5,,2,3,2221713,8.8,-32.0,3670,605,557214486,33,False
Jun 6,,3,3,1862060,-16.2,-26.0,3670,507,559076546,34,False
Jun 7,,4,3,1974179,6.0,-28.9,3670,537,561050725,35,False
Jun 8,,5,5,3336924,69.0,-40.9,3129,1066,564387649,36,False
Jun 9,,6,5,4546865,36.3,-49.6,3129,1453,568934514,37,False
Jun 10,,7,5,3365949,-26.0,-42.2,3129,1075,572300463,38,False
Jun 11,,1,5,1385505,-58.8,-32.2,3129,442,573685968,39,False
Jun 12,,2,5,1547796,11.7,-30.3,3129,494,575233764,40,False
Jun 13,,3,5,1349418,-12.8,-27.5,3129,431,576583182,41,False
Jun 14,,4,5,1305722,-3.2,-33.9,3129,417,577888904,42,False
Jun 15,,5,7,2206155,69.0,-33.9,2582,854,580095059,43,False
Jun 16,,6,7,3292985,49.3,-27.6,2582,1275,583388044,44,False
Jun 17,,7,7,3406327,3.4,1.2,2582,1319,586794371,45,False
Jun 18,,1,7,1133339,-66.7,-18.2,2582,438,587927710,46,False
Jun 19,,2,7,1163906,2.7,-24.8,2582,450,589091616,47,False
Jun 20,,3,7,1101648,-5.3,-18.4,2582,426,590193264,48,False
Jun 21,,4,7,1054517,-4.3,-19.2,2582,408,591247781,49,False
Jun 22,,5,8,2212406,109.8,0.3,2230,992,593460187,50,False
Jun 23,,6,7,3041789,37.5,-7.6,2230,1364,596501976,51,False
Jun 24,,7,8,1923466,-36.8,-43.5,2230,862,598425442,52,False
Jun 25,,1,7,962092,-50.0,-15.1,2230,431,599387534,53,False
Jun 26,,2,8,989546,2.9,-15.0,2230,443,600377080,54,False
Jun 27,,3,8,838655,-15.2,-23.9,2230,376,601215735,55,False
Jun 28,,4,6,867338,3.4,-17.8,2230,388,602083073,56,False
Jun 29,,5,11,1305521,50.5,-41.0,1757,743,603388594,57,False
Jun 30,,6,9,1816647,39.2,-40.3,1757,1033,605205241,58,False
Jul 1,,7,10,1299503,-28.5,-32.4,1757,739,606504744,59,False
Jul 2,,1,8,714777,-45.0,-25.7,1757,406,607219521,60,False
Jul 3,,2,11,544755,-23.8,-44.9,1352,402,607764276,61,False
Jul 4,Independence Day,3,10,718276,31.9,-14.4,1352,531,608482552,62,False
Jul 5,,4,11,477208,-33.6,-45.0,1270,375,608959760,63,False
Jul 6,,5,12,680818,42.7,-47.9,1125,605,609640578,64,False
Jul 7,,6,12,918223,34.9,-49.5,1125,816,610558801,65,False
Jul 8,,7,12,569083,-38.0,-56.2,1125,505,611127884,66,False
Jul 9,,1,12,261442,-54.1,-63.4,1125,232,611389326,67,False
Jul 10,,2,12,311771,19.3,-42.8,1125,277,611701097,68,False
Jul 11,,3,12,272336,-12.6,-62.1,1125,242,611973433,69,False
Jul 12,,4,13,288299,5.9,-39.6,1125,256,612261732,70,False
Jul 13,,5,11,395434,37.2,-41.9,747,529,612657166,71,False
Jul 14,,6,11,587183,48.5,-36.1,747,786,613244349,72,False
Jul 15,,7,11,416137,-29.1,-26.9,747,557,613660486,73,False
Jul 16,,1,11,188724,-54.6,-27.8,747,252,613849210,74,False
Jul 17,,2,11,221405,17.3,-29.0,747,296,614070615,75,False
Jul 18,,3,12,194838,-12.0,-28.5,747,260,614265453,76,False
Jul 19,,4,13,172561,-11.4,-40.1,747,231,614438014,77,False
Jul 20,,5,14,190088,10.2,-51.9,495,384,614628102,78,False
Jul 21,,6,14,254913,34.1,-56.6,495,514,614883015,79,False
Jul 22,,7,14,175410,-31.2,-57.8,495,354,615058425,80,False
Jul 23,,1,14,98364,-43.9,-47.9,495,198,615156789,81,False
Jul 24,,2,13,123367,25.4,-44.3,495,249,615280156,82,False
Jul 25,,3,14,93538,-24.2,-52.0,495,188,615373694,83,False
Jul 26,,4,12,110157,17.8,-36.2,495,222,615483851,84,False
Aug 31,,5,14,383116,,,1705,224,618233009,120,False
Sep 1,,6,14,688184,79.6,,1705,403,618921193,121,False
Sep 2,,7,13,839401,22.0,,1705,492,619760594,122,False
Sep 3,Labor Day,1,15,563243,-32.9,,1705,330,620323837,123,False
Sep 4,,2,14,121773,-78.4,,1705,71,620445610,124,False
Sep 5,,3,14,87197,-28.4,,1705,51,620532807,125,False
Sep 6,,4,14,95639,9.7,,1705,56,620628446,126,False
Sep 7,,5,16,217231,127.1,-43.3,1209,179,620845677,127,False
Sep 8,,6,18,405843,86.8,-41.0,1209,335,621251520,128,False
Sep 9,,7,20,163107,-59.8,-80.6,1209,134,621414627,129,False
Sep 10,,1,18,46138,-71.7,-91.8,1209,38,621460765,130,False
Sep 11,,2,17,56594,22.7,-53.5,1209,46,621517359,131,False
Sep 12,,3,17,51689,-8.7,-40.7,1209,42,621569048,132,False
Sep 13,,4,17,54171,4.8,-43.4,1209,44,621623219,133,False
