"","Date","DOW","Rank","Daily","X...YD","X...LW","Theaters","Avg","To.Date","Day","Estimated"
"1","4-May",5,1,80813985,"-","-",4349,18582,"$80,813,985 ",1,FALSE
"2","5-May",6,1,69557990,"-13.90%","-",4349,15994,"$150,371,975 ",2,FALSE
"3","6-May",7,1,57066733,"-18%","-",4349,13121,"$207,438,708 ",3,FALSE
"4","7-May",1,1,18898999,"-66.90%","-",4349,4345,"$226,337,707 ",4,FALSE
"5","8-May",2,1,17677190,"-6.50%","-",4349,4064,"$244,014,897 ",5,FALSE
"6","9-May",3,1,13612910,"-23%","-",4349,3130,"$257,627,807 ",6,FALSE
"7","10-May",4,1,12391566,"-9%","-",4349,2849,"$270,019,373 ",7,FALSE
"8","11-May",5,1,29223517,"135.80%","-63.80%",4349,6719,"$299,242,890 ",8,FALSE
"9","12-May",6,1,42905519,"46.80%","-38.30%",4349,9865,"$342,148,409 ",9,FALSE
"10","13-May",7,1,30923238,"-27.90%","-45.80%",4349,7110,"$373,071,647 ",10,FALSE
"11","14-May",1,1,7923789,"-74.40%","-58.10%",4349,1821,"$380,995,436 ",11,FALSE
"12","15-May",2,1,8477854,"7%","-52%",4349,1949,"$389,473,290 ",12,FALSE
"13","16-May",3,1,6339757,"-25.20%","-53.40%",4349,1457,"$395,813,047 ",13,FALSE
"14","17-May",4,1,6208368,"-2.10%","-49.90%",4349,1427,"$402,021,415 ",14,FALSE
"15","18-May",5,1,15236046,"145.40%","-47.90%",4249,3585,"$417,257,461 ",15,FALSE
"16","19-May",6,1,23587069,"54.80%","-45%",4249,5551,"$440,844,530 ",16,FALSE
"17","20-May",7,1,16820987,"-28.70%","-45.60%",4249,3958,"$457,665,517 ",17,FALSE
"18","21-May",1,1,5687934,"-66.20%","-28.20%",4249,1338,"$463,353,451 ",18,FALSE
"19","22-May",2,1,4917764,"-13.50%","-42%",4249,1157,"$468,271,215 ",19,FALSE
"20","23-May",3,1,3968406,"-19.30%","-37.40%",4249,933,"$472,239,621 ",20,FALSE
"21","24-May",4,1,4445167,"12%","-28.40%",4249,1046,"$476,684,788 ",21,FALSE
"22","25-May",5,2,9664323,"117.40%","-36.60%",3918,2466,"$486,349,111 ",22,FALSE
"23","26-May",6,2,14066384,"45.50%","-40.40%",3918,3590,"$500,415,495 ",23,FALSE
"24","27-May",7,2,12956164,"-7.90%","-23%",3918,3306,"$513,371,659 ",24,FALSE
"25","28-May",1,2,10535543,"-18.70%","85.20%",3918,2689,"$523,907,202 ",25,FALSE
"26","29-May",2,2,3266753,"-69%","-33.60%",3918,833,"$527,173,955 ",26,FALSE
"27","30-May",3,2,2515041,"-23%","-36.60%",3918,641,"$529,688,996 ",27,FALSE
"28","31-May",4,2,2774984,"10.30%","-37.60%",3918,708,"$532,463,980 ",28,FALSE
"29","1-Jun",5,3,5641642,"103.30%","-41.60%",3670,1537,"$538,105,622 ",29,FALSE
"30","2-Jun",6,3,9017913,"59.80%","-35.90%",3670,2457,"$547,123,535 ",30,FALSE
"31","3-Jun",7,3,5826863,"-35.40%","-55%",3670,1587,"$552,950,398 ",31,FALSE
"32","4-Jun",1,3,2042375,"-64.90%","-80.60%",3670,556,"$554,992,773 ",32,FALSE
"33","5-Jun",2,3,2221713,"8.80%","-32%",3670,605,"$557,214,486 ",33,FALSE
"34","6-Jun",3,3,1862060,"-16.20%","-26%",3670,507,"$559,076,546 ",34,FALSE
"35","7-Jun",4,3,1974179,"6%","-28.90%",3670,537,"$561,050,725 ",35,FALSE
"36","8-Jun",5,5,3336924,"69%","-40.90%",3129,1066,"$564,387,649 ",36,FALSE
"37","9-Jun",6,5,4546865,"36.30%","-49.60%",3129,1453,"$568,934,514 ",37,FALSE
"38","10-Jun",7,5,3365949,"-26%","-42.20%",3129,1075,"$572,300,463 ",38,FALSE
"39","11-Jun",1,5,1385505,"-58.80%","-32.20%",3129,442,"$573,685,968 ",39,FALSE
"40","12-Jun",2,5,1547796,"11.70%","-30.30%",3129,494,"$575,233,764 ",40,FALSE
"41","13-Jun",3,5,1349418,"-12.80%","-27.50%",3129,431,"$576,583,182 ",41,FALSE
"42","14-Jun",4,5,1305722,"-3.20%","-33.90%",3129,417,"$577,888,904 ",42,FALSE
"43","15-Jun",5,7,2206155,"69%","-33.90%",2582,854,"$580,095,059 ",43,FALSE
"44","16-Jun",6,7,3292985,"49.30%","-27.60%",2582,1275,"$583,388,044 ",44,FALSE
"45","17-Jun",7,7,3406327,"3.40%","1.20%",2582,1319,"$586,794,371 ",45,FALSE
"46","18-Jun",1,7,1133339,"-66.70%","-18.20%",2582,438,"$587,927,710 ",46,FALSE
"47","19-Jun",2,7,1163906,"2.70%","-24.80%",2582,450,"$589,091,616 ",47,FALSE
"48","20-Jun",3,7,1101648,"-5.30%","-18.40%",2582,426,"$590,193,264 ",48,FALSE
"49","21-Jun",4,7,1054517,"-4.30%","-19.20%",2582,408,"$591,247,781 ",49,FALSE
"50","22-Jun",5,8,2212406,"109.80%","0.30%",2230,992,"$593,460,187 ",50,FALSE
"51","23-Jun",6,7,3041789,"37.50%","-7.60%",2230,1364,"$596,501,976 ",51,FALSE
"52","24-Jun",7,8,1923466,"-36.80%","-43.50%",2230,862,"$598,425,442 ",52,FALSE
"53","25-Jun",1,7,962092,"-50%","-15.10%",2230,431,"$599,387,534 ",53,FALSE
"54","26-Jun",2,8,989546,"2.90%","-15%",2230,443,"$600,377,080 ",54,FALSE
"55","27-Jun",3,8,838655,"-15.20%","-23.90%",2230,376,"$601,215,735 ",55,FALSE
"56","28-Jun",4,6,867338,"3.40%","-17.80%",2230,388,"$602,083,073 ",56,FALSE
"57","29-Jun",5,11,1305521,"50.50%","-41%",1757,743,"$603,388,594 ",57,FALSE
"58","30-Jun",6,9,1816647,"39.20%","-40.30%",1757,1033,"$605,205,241 ",58,FALSE
"59","1-Jul",7,10,1299503,"-28.50%","-32.40%",1757,739,"$606,504,744 ",59,FALSE
"60","2-Jul",1,8,714777,"-45%","-25.70%",1757,406,"$607,219,521 ",60,FALSE
"61","3-Jul",2,11,544755,"-23.80%","-44.90%",1352,402,"$607,764,276 ",61,FALSE
"62","4-Jul",3,10,718276,"31.90%","-14.40%",1352,531,"$608,482,552 ",62,FALSE
"63","5-Jul",4,11,477208,"-33.60%","-45%",1270,375,"$608,959,760 ",63,FALSE
"64","6-Jul",5,12,680818,"42.70%","-47.90%",1125,605,"$609,640,578 ",64,FALSE
"65","7-Jul",6,12,918223,"34.90%","-49.50%",1125,816,"$610,558,801 ",65,FALSE
"66","8-Jul",7,12,569083,"-38%","-56.20%",1125,505,"$611,127,884 ",66,FALSE
"67","9-Jul",1,12,261442,"-54.10%","-63.40%",1125,232,"$611,389,326 ",67,FALSE
"68","10-Jul",2,12,311771,"19.30%","-42.80%",1125,277,"$611,701,097 ",68,FALSE
"69","11-Jul",3,12,272336,"-12.60%","-62.10%",1125,242,"$611,973,433 ",69,FALSE
"70","12-Jul",4,13,288299,"5.90%","-39.60%",1125,256,"$612,261,732 ",70,FALSE
"71","13-Jul",5,11,395434,"37.20%","-41.90%",747,529,"$612,657,166 ",71,FALSE
"72","14-Jul",6,11,587183,"48.50%","-36.10%",747,786,"$613,244,349 ",72,FALSE
"73","15-Jul",7,11,416137,"-29.10%","-26.90%",747,557,"$613,660,486 ",73,FALSE
"74","16-Jul",1,11,188724,"-54.60%","-27.80%",747,252,"$613,849,210 ",74,FALSE
"75","17-Jul",2,11,221405,"17.30%","-29%",747,296,"$614,070,615 ",75,FALSE
"76","18-Jul",3,12,194838,"-12%","-28.50%",747,260,"$614,265,453 ",76,FALSE
"77","19-Jul",4,13,172561,"-11.40%","-40.10%",747,231,"$614,438,014 ",77,FALSE
"78","20-Jul",5,14,190088,"10.20%","-51.90%",495,384,"$614,628,102 ",78,FALSE
"79","21-Jul",6,14,254913,"34.10%","-56.60%",495,514,"$614,883,015 ",79,FALSE
"80","22-Jul",7,14,175410,"-31.20%","-57.80%",495,354,"$615,058,425 ",80,FALSE
"81","23-Jul",1,14,98364,"-43.90%","-47.90%",495,198,"$615,156,789 ",81,FALSE
"82","24-Jul",2,13,123367,"25.40%","-44.30%",495,249,"$615,280,156 ",82,FALSE
"83","25-Jul",3,14,93538,"-24.20%","-52%",495,188,"$615,373,694 ",83,FALSE
"84","26-Jul",4,12,110157,"17.80%","-36.20%",495,222,"$615,483,851 ",84,FALSE
"85","31-Aug",5,14,383116,"-","-",1705,224,"$618,233,009 ",120,FALSE
"86","1-Sep",6,14,688184,"79.60%","-",1705,403,"$618,921,193 ",121,FALSE
"87","2-Sep",7,13,839401,"22%","-",1705,492,"$619,760,594 ",122,FALSE
"88","3-Sep",1,15,563243,"-32.90%","-",1705,330,"$620,323,837 ",123,FALSE
"89","4-Sep",2,14,121773,"-78.40%","-",1705,71,"$620,445,610 ",124,FALSE
"90","5-Sep",3,14,87197,"-28.40%","-",1705,51,"$620,532,807 ",125,FALSE
"91","6-Sep",4,14,95639,"9.70%","-",1705,56,"$620,628,446 ",126,FALSE
"92","7-Sep",5,16,217231,"127.10%","-43.30%",1209,179,"$620,845,677 ",127,FALSE
"93","8-Sep",6,18,405843,"86.80%","-41%",1209,335,"$621,251,520 ",128,FALSE
"94","9-Sep",7,20,163107,"-59.80%","-80.60%",1209,134,"$621,414,627 ",129,FALSE
"95","10-Sep",1,18,46138,"-71.70%","-91.80%",1209,38,"$621,460,765 ",130,FALSE
"96","11-Sep",2,17,56594,"22.70%","-53.50%",1209,46,"$621,517,359 ",131,FALSE
"97","12-Sep",3,17,51689,"-8.70%","-40.70%",1209,42,"$621,569,048 ",132,FALSE
"98","13-Sep",4,17,54171,"4.80%","-43.40%",1209,44,"$621,623,219 ",133,FALSE
