"","Date","DOW","Rank","Daily","X...YD","X...LW","Theaters","Avg","To.Date","Day","Estimated"
"1","3-Sep",5,1,29502259,"-","-",4300,6860,"$29,502,259 ",1,FALSE
"2","4-Sep",6,1,23190043,"-21.40%","-",4300,5393,"$52,692,302 ",2,FALSE
"3","5-Sep",7,1,22696386,"-2.10%","-",4300,5278,"$75,388,688 ",3,FALSE
"4","6-Sep",1,1,19284160,"-15%","-",4300,4484,"$94,672,848 ",4,FALSE
"5","7-Sep",2,1,6619036,"-65.70%","-",4300,1539,"$101,291,884 ",5,FALSE
"6","8-Sep",3,1,4614556,"-30.30%","-",4300,1073,"$105,906,440 ",6,FALSE
"7","9-Sep",4,1,3908701,"-15.30%","-",4300,909,"$109,815,141 ",7,FALSE
"8","10-Sep",5,1,9628206,"146.30%","-67.40%",4300,2239,"$119,443,347 ",8,FALSE
"9","11-Sep",6,1,15343106,"59.40%","-33.80%",4300,3568,"$134,786,453 ",9,FALSE
"10","12-Sep",7,1,9729758,"-36.60%","-57.10%",4300,2262,"$144,516,211 ",10,FALSE
"11","13-Sep",1,1,2448533,"-74.80%","-87.30%",4300,569,"$146,964,744 ",11,FALSE
"12","14-Sep",2,1,3180985,"29.90%","-51.90%",4300,739,"$150,145,729 ",12,FALSE
"13","15-Sep",3,1,2466295,"-22.50%","-46.60%",4300,573,"$152,612,024 ",13,FALSE
"14","16-Sep",4,1,2581531,"4.70%","-34%",4300,600,"$155,193,555 ",14,FALSE
"15","17-Sep",5,1,5866342,"127.20%","-39.10%",4070,1441,"$161,059,897 ",15,FALSE
"16","18-Sep",6,1,9754340,"66.30%","-36.40%",4070,2396,"$170,814,237 ",16,FALSE
"17","19-Sep",7,1,6050069,"-38%","-37.80%",4070,1486,"$176,864,306 ",17,FALSE
"18","20-Sep",1,1,1539514,"-74.60%","-37.10%",4070,378,"$178,403,820 ",18,FALSE
"19","21-Sep",2,1,1961601,"27.40%","-38.30%",4070,481,"$180,365,421 ",19,FALSE
"20","22-Sep",3,1,1467643,"-25.20%","-40.50%",4070,360,"$181,833,064 ",20,FALSE
"21","23-Sep",4,1,1341020,"-8.60%","-48.10%",4070,329,"$183,174,084 ",21,FALSE
"22","24-Sep",5,1,3566776,"166%","-39.20%",3952,902,"$186,740,860 ",22,FALSE
"23","25-Sep",6,1,5933872,"66.40%","-39.20%",3952,1501,"$192,674,732 ",23,FALSE
"24","26-Sep",7,1,3530763,"-40.50%","-41.60%",3952,893,"$196,205,495 ",24,FALSE
"25","27-Sep",1,1,946189,"-73.20%","-38.50%",3952,239,"$197,151,684 ",25,FALSE
"26","28-Sep",2,1,1175926,"24.30%","-40.10%",3952,297,"$198,327,610 ",26,FALSE
"27","29-Sep",3,1,961808,"-18.20%","-34.50%",3952,243,"$199,289,418 ",27,FALSE
"28","30-Sep",4,1,782384,"-18.70%","-41.70%",3952,197,"$200,071,802 ",28,FALSE
"29","1-Oct",5,3,1623236,"107.50%","-54.50%",3455,469,"$201,695,038 ",29,FALSE
"30","2-Oct",6,3,2794045,"72.10%","-52.90%",3455,808,"$204,489,083 ",30,FALSE
"31","3-Oct",7,3,1692313,"-39.40%","-52.10%",3455,489,"$206,181,396 ",31,FALSE
"32","4-Oct",1,3,503658,"-70.20%","-46.80%",3455,145,"$206,685,054 ",32,FALSE
"33","5-Oct",2,3,611099,"21.30%","-48%",3455,176,"$207,296,153 ",33,FALSE
"34","6-Oct",3,3,487326,"-20.30%","-49.30%",3455,141,"$207,783,479 ",34,FALSE
"35","7-Oct",4,3,473286,"-2.90%","-39.50%",3455,136,"$208,256,765 ",35,FALSE
"36","8-Oct",5,4,1153955,"143.80%","-28.90%",2800,412,"$209,410,720 ",36,FALSE
"37","9-Oct",6,4,1834257,"59%","-34.40%",2800,655,"$211,244,977 ",37,FALSE
"38","10-Oct",7,4,1320595,"-28%","-22%",2800,471,"$212,565,572 ",38,FALSE
"39","11-Oct",1,4,755812,"-42.80%","50.10%",2800,269,"$213,321,384 ",39,FALSE
"40","12-Oct",2,4,446858,"-40.90%","-26.90%",2800,159,"$213,768,242 ",40,FALSE
"41","13-Oct",3,4,369047,"-17.40%","-24.30%",2800,131,"$214,137,289 ",41,FALSE
"42","14-Oct",4,4,393570,"6.60%","-16.80%",2800,140,"$214,530,859 ",42,FALSE
"43","15-Oct",5,6,905116,"130%","-21.60%",2300,393,"$215,435,975 ",43,FALSE
"44","16-Oct",6,6,1535641,"69.70%","-16.30%",2300,667,"$216,971,616 ",44,FALSE
"45","17-Oct",7,6,880853,"-42.60%","-33.30%",2300,382,"$217,852,469 ",45,FALSE
"46","18-Oct",1,6,280120,"-68.20%","-62.90%",2300,121,"$218,132,589 ",46,FALSE
"47","19-Oct",2,6,312534,"11.60%","-30.10%",2300,135,"$218,445,123 ",47,FALSE
"48","20-Oct",3,6,275410,"-11.90%","-25.40%",2300,119,"$218,720,533 ",48,FALSE
"49","21-Oct",4,6,253299,"-8%","-35.60%",2300,110,"$218,973,832 ",49,FALSE
"50","22-Oct",5,9,534842,"111.20%","-40.90%",1600,334,"$219,508,674 ",50,FALSE
"51","23-Oct",6,7,910977,"70.30%","-40.70%",1600,569,"$220,419,651 ",51,FALSE
"52","24-Oct",7,7,573686,"-37%","-34.90%",1600,358,"$220,993,337 ",52,FALSE
"53","25-Oct",1,7,167322,"-70.80%","-40.30%",1600,104,"$221,160,659 ",53,FALSE
"54","26-Oct",2,7,196292,"17.30%","-37.20%",1600,122,"$221,356,951 ",54,FALSE
"55","27-Oct",3,7,162029,"-17.50%","-41.20%",1600,101,"$221,518,980 ",55,FALSE
"56","28-Oct",4,7,161261,"-0.50%","-36.30%",1600,100,"$221,680,241 ",56,FALSE
"57","29-Oct",5,11,319435,"98.10%","-40.30%",1115,286,"$221,999,676 ",57,FALSE
"58","30-Oct",6,11,488152,"52.80%","-46.40%",1115,437,"$222,487,828 ",58,FALSE
"59","31-Oct",7,11,271216,"-44.40%","-52.70%",1115,243,"$222,759,044 ",59,FALSE
"60","1-Nov",1,11,130093,"-52%","-22.20%",1115,116,"$222,889,137 ",60,FALSE
"61","2-Nov",2,11,150736,"15.90%","-23.20%",1115,135,"$223,039,873 ",61,FALSE
"62","3-Nov",3,11,112423,"-25.40%","-30.60%",1115,100,"$223,152,296 ",62,FALSE
"63","4-Nov",4,11,80611,"-28.30%","-50%",1115,72,"$223,232,907 ",63,FALSE
"64","5-Nov",5,14,177404,"120.10%","-44.50%",440,403,"$223,410,311 ",64,FALSE
"65","6-Nov",6,14,267957,"51%","-45.10%",440,608,"$223,678,268 ",65,FALSE
"66","7-Nov",7,14,168075,"-37.30%","-38%",440,381,"$223,846,343 ",66,FALSE
"67","8-Nov",1,14,70048,"-58.30%","-46.20%",440,159,"$223,916,391 ",67,FALSE
"68","9-Nov",2,13,75097,"7.20%","-50.20%",440,170,"$223,991,488 ",68,FALSE
"69","10-Nov",3,14,69192,"-7.90%","-38.50%",440,157,"$224,060,680 ",69,FALSE
"70","11-Nov",4,15,96024,"38.80%","19.10%",440,218,"$224,156,704 ",70,FALSE
"71","12-Nov",5,16,71614,"-25.40%","-59.60%",335,213,"$224,228,318 ",71,FALSE
"72","13-Nov",6,16,101858,"42.20%","-62%",335,304,"$224,330,176 ",72,FALSE
"73","14-Nov",7,16,52273,"-48.70%","-68.90%",335,156,"$224,382,449 ",73,FALSE
"74","15-Nov",1,17,18405,"-64.80%","-73.70%",335,54,"$224,400,854 ",74,FALSE
"75","16-Nov",2,17,20124,"9.30%","-73.20%",335,60,"$224,420,978 ",75,FALSE
"76","17-Nov",3,17,17397,"-13.60%","-74.90%",335,51,"$224,438,375 ",76,FALSE
"77","18-Nov",4,17,15707,"-9.70%","-83.60%",335,46,"$224,454,082 ",77,FALSE
"78","19-Nov",5,24,14179,"-9.70%","-80.20%",120,118,"$224,468,261 ",78,FALSE
"79","20-Nov",6,24,20925,"47.60%","-79.50%",120,174,"$224,489,186 ",79,FALSE
"80","21-Nov",7,23,13860,"-33.80%","-73.50%",120,115,"$224,503,046 ",80,FALSE
"81","22-Nov",1,22,7705,"-44.40%","-58.10%",120,64,"$224,510,751 ",81,FALSE
"82","23-Nov",2,23,7394,"-4%","-63.30%",120,61,"$224,518,145 ",82,FALSE
"83","24-Nov",3,28,3215,"-56.50%","-81.50%",65,49,"$224,521,360 ",83,FALSE
"84","25-Nov",4,30,1608,"-50%","-89.80%",65,24,"$224,522,968 ",84,FALSE
"85","26-Nov",5,30,6029,"274.90%","-57.50%",65,92,"$224,528,997 ",85,FALSE
"86","27-Nov",6,30,6000,"-0.50%","-71.30%",65,92,"$224,534,997 ",86,FALSE
"87","28-Nov",7,30,2820,"-53%","-79.70%",65,43,"$224,537,817 ",87,FALSE
"88","29-Nov",1,27,1484,"-47.40%","-80.70%",65,22,"$224,539,301 ",88,FALSE
"89","30-Nov",2,28,1048,"-29.40%","-85.80%",65,16,"$224,540,349 ",89,FALSE
"90","1-Dec",3,30,1068,"1.90%","-66.80%",65,16,"$224,541,417 ",90,FALSE
"91","2-Dec",4,26,1875,"75.60%","16.60%",65,28,"$224,543,292 ",91,FALSE
