Date,Event,DOW,Rank,Daily,YD%,LW%,Theaters,Avg,To Date,Day,Estimated
Jul 7,,5,1,50780982,,,4348,11679,50780982,1,False
Jul 8,,6,1,37045244,-27.0,,4348,8520,87826226,2,False
Jul 9,,7,1,29201277,-21.2,,4348,6716,117027503,3,False
Jul 10,,1,1,12201383,-58.2,,4348,2806,129228886,4,False
Jul 11,,2,1,15053665,23.4,,4348,3462,144282551,5,False
Jul 12,,3,1,9902669,-34.2,,4348,2277,154185220,6,False
Jul 13,,4,1,8885094,-10.3,,4348,2043,163070314,7,False
Jul 14,,5,2,13628237,53.4,-73.2,4348,3134,176698551,8,False
Jul 15,,6,2,17587320,29.1,-52.5,4348,4044,194285871,9,False
Jul 16,,7,2,12989653,-26.1,-55.5,4348,2987,207275524,10,False
Jul 17,,1,2,5455599,-58.0,-55.3,4348,1254,212731123,11,False
Jul 18,,2,1,7536245,38.1,-49.9,4348,1733,220267368,12,False
Jul 19,,3,1,4967279,-34.1,-49.8,4348,1142,225234647,13,False
Jul 20,,4,1,4466934,-10.1,-49.7,4348,1027,229701581,14,False
Jul 21,,5,4,6367940,42.6,-53.3,4130,1541,236069521,15,False
Jul 22,,6,3,8931625,40.3,-49.2,4130,2162,245001146,16,False
Jul 23,,7,3,6850520,-23.3,-47.3,4130,1658,251851666,17,False
Jul 24,,1,3,3361636,-50.9,-38.4,4130,813,255213302,18,False
Jul 25,,2,3,4130653,22.9,-45.2,4130,1000,259343955,19,False
Jul 26,,3,3,2787501,-32.5,-43.9,4130,674,262131456,20,False
Jul 27,,4,3,2775349,-0.4,-37.9,4130,671,264906805,21,False
Jul 28,,5,5,3978954,43.4,-37.5,3625,1097,268885759,22,False
Jul 29,,6,5,5475665,37.6,-38.7,3625,1510,274361424,23,False
Jul 30,,7,5,3806753,-30.5,-44.4,3625,1050,278168177,24,False
Jul 31,,1,4,1823408,-52.1,-45.8,3625,503,279991585,25,False
Aug 1,,2,5,2474800,35.7,-40.1,3625,682,282466385,26,False
Aug 2,,3,4,1860586,-24.8,-33.3,3625,513,284326971,27,False
Aug 3,,4,4,1780805,-4.3,-35.8,3625,491,286107776,28,False
Aug 4,,5,7,2591449,45.5,-34.9,3116,831,288699225,29,False
Aug 5,,6,6,3633681,40.2,-33.6,3116,1166,292332906,30,False
Aug 6,,7,6,2620848,-27.9,-31.2,3116,841,294953754,31,False
Aug 7,,1,4,1551301,-40.8,-14.9,3116,497,296505055,32,False
Aug 8,,2,5,1664147,7.3,-32.8,3116,534,298169202,33,False
Aug 9,,3,5,1120651,-32.7,-39.8,3116,359,299289853,34,False
Aug 10,,4,5,1063841,-5.1,-40.3,3116,341,300353694,35,False
Aug 11,,5,7,1726392,62.3,-33.4,2607,662,302080086,36,False
Aug 12,,6,7,2594056,50.3,-28.6,2607,995,304674142,37,False
Aug 13,,7,6,1702189,-34.4,-35.1,2607,652,306376331,38,False
Aug 14,,1,6,804762,-52.7,-48.1,2607,308,307181093,39,False
Aug 15,,2,6,1178004,46.4,-29.2,2607,451,308359097,40,False
Aug 16,,3,6,748199,-36.5,-33.2,2607,286,309107296,41,False
Aug 17,,4,5,694085,-7.2,-34.8,2607,266,309801381,42,False
Aug 18,,5,7,1271915,83.3,-26.3,2341,543,311073296,43,False
Aug 19,,6,7,1821210,43.2,-29.8,2341,777,312894506,44,False
Aug 20,,7,7,1163242,-36.1,-31.7,2341,496,314057748,45,False
Aug 21,,1,6,461474,-60.3,-42.7,2341,197,314519222,46,False
Aug 22,,2,7,700251,51.7,-40.6,2341,299,315219473,47,False
Aug 23,,3,7,470805,-32.8,-37.1,2341,201,315690278,48,False
Aug 24,,4,6,427804,-9.1,-38.4,2341,182,316118082,49,False
Aug 25,,5,8,808733,89.0,-36.4,2122,381,316926815,50,False
Aug 26,,6,8,1177786,45.6,-35.3,2122,555,318104601,51,False
Aug 27,,7,7,833957,-29.2,-28.3,2122,393,318938558,52,False
Aug 28,,1,7,324871,-61.0,-29.6,2122,153,319263429,53,False
Aug 29,,2,7,495789,52.6,-29.2,2122,233,319759218,54,False
Aug 30,,3,7,317257,-36.0,-32.6,2122,149,320076475,55,False
Aug 31,,4,7,325071,2.5,-24.0,2122,153,320401546,56,False
Sep 1,,5,7,812869,150.1,0.5,2036,399,321214415,57,False
Sep 2,,6,7,1428527,75.7,21.3,2036,701,322642942,58,False
Sep 3,,7,7,1442793,1.0,73.0,2036,708,324085735,59,False
Sep 4,Labor Day,1,7,1035187,-28.3,218.6,2036,508,325120922,60,False
Sep 5,,2,7,248359,-76.0,-49.9,2036,121,325369281,61,False
Sep 6,,3,7,177324,-28.6,-44.1,2036,87,325546605,62,False
Sep 7,,4,7,141189,-20.4,-56.6,2036,69,325687794,63,False
Sep 8,,5,8,510344,261.5,-37.2,1657,307,326198138,64,False
Sep 9,,6,7,964539,89.0,-32.5,1657,582,327162677,65,False
Sep 10,,7,7,531866,-44.9,-63.1,1657,320,327694543,66,False
Sep 11,,1,8,136069,-74.4,-86.9,1657,82,327830612,67,False
Sep 12,,2,9,233482,71.6,-6.0,1657,140,328064094,68,False
Sep 13,,3,8,171846,-26.4,-3.1,1657,103,328235940,69,False
Sep 14,,4,9,151308,-12.0,7.2,1657,91,328387248,70,False
Sep 15,,5,8,495641,227.6,-2.9,1436,345,328882889,71,False
Sep 16,,6,9,882823,78.1,-8.5,1436,614,329765712,72,False
Sep 17,,7,8,480276,-45.6,-9.7,1436,334,330245988,73,False
Sep 18,,1,9,115873,-75.9,-14.8,1436,80,330361861,74,False
Sep 19,,2,9,158822,37.1,-32.0,1436,110,330520683,75,False
Sep 20,,3,9,123733,-22.1,-28.0,1436,86,330644416,76,False
Sep 21,,4,8,149246,20.6,-1.4,1436,103,330793662,77,False
Sep 22,,5,12,284164,90.4,-42.7,1006,282,331077826,78,False
Sep 23,,6,11,524302,84.5,-40.6,1006,521,331602128,79,False
Sep 24,,7,12,255246,-51.3,-46.9,1006,253,331857374,80,False
Sep 25,,1,12,65319,-74.4,-43.6,1006,64,331922693,81,False
Sep 26,,2,13,80845,23.8,-49.1,1006,80,332003538,82,False
Sep 27,,3,12,62918,-22.2,-49.2,1006,62,332066456,83,False
Sep 28,,4,14,51861,-17.6,-65.3,1006,51,332118317,84,False
Sep 29,,5,18,152271,193.6,-46.4,679,224,332270588,85,False
Sep 30,,6,16,285045,87.2,-45.6,679,419,332555633,86,False
Oct 1,,7,18,151616,-46.8,-40.6,679,223,332707249,87,False
Oct 2,,1,18,37584,-75.2,-42.5,679,55,332744833,88,False
Oct 3,,2,21,45131,20.1,-44.2,679,66,332789964,89,False
Oct 4,,3,22,35378,-21.6,-43.8,679,52,332825342,90,False
Oct 5,,4,21,27762,-21.5,-46.5,679,40,332853104,91,False
Oct 6,,5,21,62551,125.3,-58.9,326,191,332915655,92,False
Oct 7,,6,19,121196,93.8,-57.5,326,371,333036851,93,False
Oct 8,,7,20,88829,-26.7,-41.4,326,272,333125680,94,False
Oct 9,Indig. Peoples' Day,1,22,50819,-42.8,35.2,326,155,333176499,95,False
Oct 10,,2,21,27601,-45.7,-38.8,326,84,333204100,96,False
Oct 11,,3,21,22563,-18.3,-36.2,326,69,333226663,97,False
Oct 12,,4,21,18765,-16.8,-32.4,326,57,333245428,98,False
Oct 13,,5,20,73084,289.5,16.8,306,238,333318512,99,False
Oct 14,,6,18,127675,74.7,5.3,306,417,333446187,100,False
Oct 15,,7,17,82194,-35.6,-7.5,306,268,333528381,101,False
Oct 16,,1,19,23005,-72.0,-54.7,306,75,333551386,102,False
Oct 17,,2,21,23605,2.6,-14.5,306,77,333574991,103,False
Oct 18,,3,18,20365,-13.7,-9.7,306,66,333595356,104,False
Oct 19,,4,18,21059,3.4,12.2,306,68,333616415,105,False
Oct 20,,5,26,43470,106.4,-40.5,209,207,333659885,106,False
Oct 21,,6,24,74830,72.1,-41.4,209,358,333734715,107,False
Oct 22,,7,26,42379,-43.4,-48.4,209,202,333777094,108,False
Oct 23,,1,28,12009,-71.7,-47.8,209,57,333789103,109,False
Oct 24,,2,29,12283,2.3,-48.0,209,58,333801386,110,False
Oct 25,,3,28,10738,-12.6,-47.3,209,51,333812124,111,False
Oct 26,,4,29,10936,1.8,-48.1,209,52,333823060,112,False
Oct 27,,5,31,26734,144.5,-38.5,181,147,333849794,113,False
Oct 28,,6,31,42152,57.7,-43.7,181,232,333891946,114,False
Oct 29,,7,30,27677,-34.3,-34.7,181,152,333919623,115,False
Oct 30,,1,31,7089,-74.4,-41.0,181,39,333926712,116,False
Oct 31,Halloween,2,32,9398,32.6,-23.5,181,51,333936110,117,False
Nov 1,,3,32,7925,-15.7,-26.2,181,43,333944035,118,False
Nov 2,,4,33,7901,-0.3,-27.8,181,43,333951936,119,False
Nov 3,,5,33,20142,154.9,-24.7,144,139,333972078,120,False
Nov 4,,6,34,38464,91.0,-8.7,144,267,334010542,121,False
Nov 5,,7,35,22505,-41.5,-18.7,144,156,334033047,122,False
Nov 6,,1,35,5068,-77.5,-28.5,144,35,334038115,123,False
Nov 7,,2,34,7259,43.2,-22.8,144,50,334045374,124,False
Nov 8,,3,35,6093,-16.1,-23.1,144,42,334051467,125,False
Nov 9,,4,34,7247,18.9,-8.3,144,50,334058714,126,False
Nov 10,,5,37,18446,154.5,-8.4,117,157,334077160,127,False
Nov 11,,6,38,25353,37.4,-34.1,117,216,334102513,128,False
Nov 12,,7,39,15008,-40.8,-33.3,117,128,334117521,129,False
Nov 13,,1,37,4937,-67.1,-2.6,117,42,334122458,130,False
Nov 14,,2,38,4841,-1.9,-33.3,117,41,334127299,131,False
Nov 15,,3,37,4888,1.0,-19.8,117,41,334132187,132,False
Nov 16,,4,36,5771,18.1,-20.4,117,49,334137958,133,False
Nov 17,,5,40,6609,14.5,-64.2,77,85,334144567,134,False
Nov 18,,6,40,13487,104.1,-46.8,77,175,334158054,135,False
Nov 19,,7,40,8771,-35.0,-41.6,77,113,334166825,136,False
Nov 20,,1,40,4167,-52.5,-15.6,77,54,334170992,137,False
Nov 21,,2,38,5642,35.4,16.5,77,73,334176634,138,False
Nov 22,,3,41,3159,-44.0,-35.4,48,65,334179793,139,False
Nov 23,Thanksgiving,4,45,2160,-31.6,-62.6,48,45,334181953,140,False
Nov 24,,5,39,6643,207.5,0.5,37,179,334188596,141,False
Nov 25,,6,41,6571,-1.1,-51.3,37,177,334195167,142,False
Nov 26,,7,46,2986,-54.6,-66.0,37,80,334198153,143,False
Nov 27,,1,45,690,-76.9,-83.4,37,18,334198843,144,False
Nov 28,,2,44,881,27.7,-84.4,37,23,334199724,145,False
Nov 29,,3,48,615,-30.2,-80.5,37,16,334200339,146,False
Nov 30,,4,46,801,30.2,-62.9,37,21,334201140,147,False
