"","Date","DOW","Rank","Daily","X...YD","X...LW","Theaters","Avg","To.Date","Day","Estimated"
"1","17-Dec",5,1,121964712,"-","-",4336,28128,"$121,964,712 ",1,FALSE
"2","18-Dec",6,1,73941279,"-39.40%","-",4336,17052,"$195,905,991 ",2,FALSE
"3","19-Dec",7,1,64232578,"-13.10%","-",4336,14813,"$260,138,569 ",3,FALSE
"4","20-Dec",1,1,37138318,"-42.20%","-",4336,8565,"$297,276,887 ",4,FALSE
"5","21-Dec",2,1,31408657,"-15.40%","-",4336,7243,"$328,685,544 ",5,FALSE
"6","22-Dec",3,1,27846311,"-11.30%","-",4336,6422,"$356,531,855 ",6,FALSE
"7","23-Dec",4,1,29333622,"5.30%","-",4336,6765,"$385,865,477 ",7,FALSE
"8","24-Dec",5,1,19655506,"-33%","-83.90%",4336,4533,"$405,520,983 ",8,FALSE
"9","25-Dec",6,1,31609749,"60.80%","-57.30%",4336,7290,"$437,130,732 ",9,FALSE
"10","26-Dec",7,1,33283250,"5.30%","-48.20%",4336,7676,"$470,413,982 ",10,FALSE
"11","27-Dec",1,1,24770593,"-25.60%","-33.30%",4336,5712,"$495,184,575 ",11,FALSE
"12","28-Dec",2,1,21346817,"-13.80%","-32%",4336,4923,"$516,531,392 ",12,FALSE
"13","29-Dec",3,1,20327774,"-4.80%","-27%",4336,4688,"$536,859,166 ",13,FALSE
"14","30-Dec",4,1,20717908,"1.90%","-29.40%",4336,4778,"$557,577,074 ",14,FALSE
"15","31-Dec",5,1,15407695,"-25.60%","-21.60%",4206,3663,"$572,984,769 ",15,FALSE
"16","1-Jan",6,1,23112936,"50%","-26.90%",4206,5495,"$596,097,705 ",16,FALSE
"17","2-Jan",7,1,17502959,"-24.30%","-47.40%",4206,4161,"$613,600,664 ",17,FALSE
"18","3-Jan",1,1,7908732,"-54.80%","-68.10%",4206,1880,"$621,509,396 ",18,FALSE
"19","4-Jan",2,1,5918802,"-25.20%","-72.30%",4206,1407,"$627,428,198 ",19,FALSE
"20","5-Jan",3,1,4383219,"-25.90%","-78.40%",4206,1042,"$631,811,417 ",20,FALSE
"21","6-Jan",4,1,3926778,"-10.40%","-81%",4206,933,"$635,738,195 ",21,FALSE
"22","7-Jan",5,1,8303811,"111.50%","-46.10%",4012,2069,"$644,042,006 ",22,FALSE
"23","8-Jan",6,1,14828927,"78.60%","-35.80%",4012,3696,"$658,870,933 ",23,FALSE
"24","9-Jan",7,1,9485183,"-36%","-45.80%",4012,2364,"$668,356,116 ",24,FALSE
"25","10-Jan",1,1,2426248,"-74.40%","-69.30%",4012,604,"$670,782,364 ",25,FALSE
"26","11-Jan",2,1,2787987,"14.90%","-52.90%",4012,694,"$673,570,351 ",26,FALSE
"27","12-Jan",3,1,2242906,"-19.60%","-48.80%",4012,559,"$675,813,257 ",27,FALSE
"28","13-Jan",4,1,2110817,"-5.90%","-46.20%",4012,526,"$677,924,074 ",28,FALSE
"29","14-Jan",5,2,5179723,"145.40%","-37.60%",3925,1319,"$683,103,797 ",29,FALSE
"30","15-Jan",6,2,8689649,"67.80%","-41.40%",3925,2213,"$691,793,446 ",30,FALSE
"31","16-Jan",7,2,6224873,"-28.40%","-34.40%",3925,1585,"$698,018,319 ",31,FALSE
"32","17-Jan",1,1,4555918,"-26.80%","87.80%",3925,1160,"$702,574,237 ",32,FALSE
"33","18-Jan",2,2,1647714,"-63.80%","-40.90%",3925,419,"$704,221,951 ",33,FALSE
"34","19-Jan",3,2,1331545,"-19.20%","-40.60%",3925,339,"$705,553,496 ",34,FALSE
"35","20-Jan",4,2,1332492,"<0.1%","-36.90%",3925,339,"$706,885,988 ",35,FALSE
"36","21-Jan",5,2,3492340,"162.10%","-32.60%",3705,942,"$710,378,328 ",36,FALSE
"37","22-Jan",6,1,6518119,"86.60%","-25%",3705,1759,"$716,896,447 ",37,FALSE
"38","23-Jan",7,1,3995155,"-38.70%","-35.80%",3705,1078,"$720,891,602 ",38,FALSE
"39","24-Jan",1,1,973653,"-75.60%","-78.60%",3705,262,"$721,865,255 ",39,FALSE
"40","25-Jan",2,1,1121804,"15.20%","-31.90%",3705,302,"$722,987,059 ",40,FALSE
"41","26-Jan",3,1,938951,"-16.30%","-29.50%",3705,253,"$723,926,010 ",41,FALSE
"42","27-Jan",4,1,960270,"2.30%","-27.90%",3705,259,"$724,886,280 ",42,FALSE
"43","28-Jan",5,1,2750994,"186.50%","-21.20%",3675,748,"$727,637,274 ",43,FALSE
"44","29-Jan",6,1,5397060,"96.20%","-17.20%",3675,1468,"$733,034,334 ",44,FALSE
"45","30-Jan",7,1,2855474,"-47.10%","-28.50%",3675,776,"$735,889,808 ",45,FALSE
"46","31-Jan",1,1,910449,"-68.10%","-6.50%",3675,247,"$736,800,257 ",46,FALSE
"47","1-Feb",2,1,1044982,"14.80%","-6.80%",3675,284,"$737,845,239 ",47,FALSE
"48","2-Feb",3,1,795807,"-23.80%","-15.20%",3675,216,"$738,641,046 ",48,FALSE
"49","3-Feb",4,1,710561,"-10.70%","-26%",3675,193,"$739,351,607 ",49,FALSE
"50","4-Feb",5,3,2048482,"188.30%","-25.50%",3600,569,"$741,400,089 ",50,FALSE
"51","5-Feb",6,2,4640960,"126.60%","-14%",3600,1289,"$746,041,049 ",51,FALSE
"52","6-Feb",7,2,2817883,"-39.30%","-1.30%",3600,782,"$748,858,932 ",52,FALSE
"53","7-Feb",1,2,722957,"-74.30%","-20.60%",3600,200,"$749,581,889 ",53,FALSE
"54","8-Feb",2,3,847136,"17.20%","-18.90%",3600,235,"$750,429,025 ",54,FALSE
"55","9-Feb",3,2,696548,"-17.80%","-12.50%",3600,193,"$751,125,573 ",55,FALSE
"56","10-Feb",4,2,725244,"4.10%","2.10%",3600,201,"$751,850,817 ",56,FALSE
"57","11-Feb",5,4,1918117,"164.50%","-6.40%",3300,581,"$753,768,934 ",57,FALSE
"58","12-Feb",6,3,3928608,"104.80%","-15.30%",3300,1190,"$757,697,542 ",58,FALSE
"59","13-Feb",7,2,1675005,"-57.40%","-40.60%",3300,507,"$759,372,547 ",59,FALSE
"60","14-Feb",1,4,1616139,"-3.50%","123.50%",3300,489,"$760,988,686 ",60,FALSE
"61","15-Feb",2,4,755915,"-53.20%","-10.80%",3300,229,"$761,744,601 ",61,FALSE
"62","16-Feb",3,3,620281,"-17.90%","-10.90%",3300,187,"$762,364,882 ",62,FALSE
"63","17-Feb",4,3,575804,"-7.20%","-20.60%",3300,174,"$762,940,686 ",63,FALSE
"64","18-Feb",5,4,1739586,"202.10%","-9.30%",2956,588,"$764,680,272 ",64,FALSE
"65","19-Feb",6,3,3168597,"82.10%","-19.30%",2956,1071,"$767,848,869 ",65,FALSE
"66","20-Feb",7,3,2550774,"-19.50%","52.30%",2956,862,"$770,399,643 ",66,FALSE
"67","21-Feb",1,3,1770762,"-30.60%","9.60%",2956,599,"$772,170,405 ",67,FALSE
"68","22-Feb",2,3,800624,"-54.80%","5.90%",2956,270,"$772,971,029 ",68,FALSE
"69","23-Feb",3,3,580425,"-27.50%","-6.40%",2956,196,"$773,551,454 ",69,FALSE
"70","24-Feb",4,3,585493,"0.90%","1.70%",2956,198,"$774,136,947 ",70,FALSE
"71","25-Feb",5,3,1308511,"123.50%","-24.80%",3002,435,"$775,445,458 ",71,FALSE
"72","26-Feb",6,3,2780579,"112.50%","-12.20%",3002,926,"$778,226,037 ",72,FALSE
"73","27-Feb",7,3,1712494,"-38.40%","-32.90%",3002,570,"$779,938,531 ",73,FALSE
"74","28-Feb",1,3,480328,"-72%","-72.90%",3002,160,"$780,418,859 ",74,FALSE
"75","1-Mar",2,3,688856,"43.40%","-14%",3002,229,"$781,107,715 ",75,FALSE
"76","2-Mar",3,3,516190,"-25.10%","-11.10%",3002,171,"$781,623,905 ",76,FALSE
"77","3-Mar",4,3,464318,"-10%","-20.70%",3002,154,"$782,088,223 ",77,FALSE
"78","4-Mar",5,4,1074371,"131.40%","-17.90%",2709,396,"$783,162,594 ",78,FALSE
"79","5-Mar",6,4,2064870,"92.20%","-25.70%",2709,762,"$785,227,464 ",79,FALSE
"80","6-Mar",7,4,1380382,"-33.10%","-19.40%",2709,509,"$786,607,846 ",80,FALSE
"81","7-Mar",1,4,381075,"-72.40%","-20.70%",2709,140,"$786,988,921 ",81,FALSE
"82","8-Mar",2,4,444353,"16.60%","-35.50%",2709,164,"$787,433,274 ",82,FALSE
"83","9-Mar",3,4,377264,"-15.10%","-26.90%",2709,139,"$787,810,538 ",83,FALSE
"84","10-Mar",4,4,400416,"6.10%","-13.80%",2709,147,"$788,210,954 ",84,FALSE
"85","11-Mar",5,5,974427,"143.40%","-9.30%",2702,360,"$789,185,381 ",85,FALSE
"86","12-Mar",6,5,1865274,"91.40%","-9.70%",2702,690,"$791,050,655 ",86,FALSE
"87","13-Mar",7,4,1210346,"-35.10%","-12.30%",2702,447,"$792,261,001 ",87,FALSE
"88","14-Mar",1,4,496163,"-59%","30.20%",2702,183,"$792,757,164 ",88,FALSE
"89","15-Mar",2,4,614855,"23.90%","38.40%",2702,227,"$793,372,019 ",89,FALSE
"90","16-Mar",3,4,505592,"-17.80%","34%",2702,187,"$793,877,611 ",90,FALSE
"91","17-Mar",4,4,465942,"-7.80%","16.40%",2702,172,"$794,343,553 ",91,FALSE
"92","18-Mar",5,6,885424,"90%","-9.10%",2585,342,"$795,228,977 ",92,FALSE
"93","19-Mar",6,6,1450489,"63.80%","-22.20%",2585,561,"$796,679,466 ",93,FALSE
"94","20-Mar",7,6,805522,"-44.50%","-33.40%",2585,311,"$797,484,988 ",94,FALSE
"95","21-Mar",1,7,246513,"-69.40%","-50.30%",2585,95,"$797,731,501 ",95,FALSE
"96","22-Mar",2,6,325297,"32%","-47.10%",2585,125,"$798,056,798 ",96,FALSE
"97","23-Mar",3,6,275632,"-15.30%","-45.50%",2585,106,"$798,332,430 ",97,FALSE
"98","24-Mar",4,6,255709,"-7.20%","-45.10%",2585,98,"$798,588,139 ",98,FALSE
"99","25-Mar",5,8,510695,"99.70%","-42.30%",2003,254,"$799,098,834 ",99,FALSE
"100","26-Mar",6,7,930902,"82.30%","-35.80%",2003,464,"$800,029,736 ",100,FALSE
"101","27-Mar",7,7,559828,"-39.90%","-30.50%",2003,279,"$800,589,564 ",101,FALSE
"102","28-Mar",1,8,174630,"-68.80%","-29.20%",2003,87,"$800,764,194 ",102,FALSE
"103","29-Mar",2,7,206114,"18%","-36.60%",2003,102,"$800,970,308 ",103,FALSE
"104","30-Mar",3,7,167042,"-19%","-39.40%",2003,83,"$801,137,350 ",104,FALSE
"105","31-Mar",4,7,166817,"-0.10%","-34.80%",2003,83,"$801,304,167 ",105,FALSE
"106","1-Apr",5,7,385985,"131.40%","-24.40%",1705,226,"$801,690,152 ",106,FALSE
"107","2-Apr",6,7,675259,"74.90%","-27.50%",1705,396,"$802,365,411 ",107,FALSE
"108","3-Apr",7,7,380761,"-43.60%","-32%",1705,223,"$802,746,172 ",108,FALSE
"109","4-Apr",1,9,98951,"-74%","-43.30%",1705,58,"$802,845,123 ",109,FALSE
"110","5-Apr",2,9,138152,"39.60%","-33%",1705,81,"$802,983,275 ",110,FALSE
"111","6-Apr",3,9,112657,"-18.50%","-32.60%",1705,66,"$803,095,932 ",111,FALSE
"112","7-Apr",4,10,94916,"-15.70%","-43.10%",1705,55,"$803,190,848 ",112,FALSE
"113","8-Apr",5,9,169486,"78.60%","-56.10%",1009,167,"$803,360,334 ",113,FALSE
"114","9-Apr",6,9,294328,"73.70%","-56.40%",1009,291,"$803,654,662 ",114,FALSE
"115","10-Apr",7,9,162513,"-44.80%","-57.30%",1009,161,"$803,817,175 ",115,FALSE
"116","11-Apr",1,10,52259,"-67.80%","-47.20%",1009,51,"$803,869,434 ",116,FALSE
"117","12-Apr",2,10,57822,"10.60%","-58.10%",1009,57,"$803,927,256 ",117,FALSE
"118","13-Apr",3,10,48528,"-16.10%","-56.90%",1009,48,"$803,975,784 ",118,FALSE
"119","14-Apr",4,11,44268,"-8.80%","-53.40%",1009,43,"$804,020,052 ",119,FALSE
"120","15-Apr",5,12,80599,"82.10%","-52.40%",387,208,"$804,100,651 ",120,FALSE
"121","16-Apr",6,12,80467,"-0.20%","-72.70%",387,207,"$804,181,118 ",121,FALSE
"122","17-Apr",7,12,44610,"-44.60%","-72.50%",387,115,"$804,225,728 ",122,FALSE
"123","18-Apr",1,11,30074,"-32.60%","-42.50%",387,77,"$804,255,802 ",123,FALSE
"124","19-Apr",2,12,19514,"-35.10%","-66.30%",387,50,"$804,275,316 ",124,FALSE
"125","20-Apr",3,11,19783,"1.40%","-59.20%",387,51,"$804,295,099 ",125,FALSE
"126","21-Apr",4,11,15389,"-22.20%","-65.20%",387,39,"$804,310,488 ",126,FALSE
"127","22-Apr",5,16,27481,"78.60%","-65.90%",158,173,"$804,337,969 ",127,FALSE
"128","23-Apr",6,16,38542,"40.20%","-52.10%",158,243,"$804,376,511 ",128,FALSE
"129","24-Apr",7,16,19704,"-48.90%","-55.80%",158,124,"$804,396,215 ",129,FALSE
"130","25-Apr",1,17,4207,"-78.60%","-86%",158,26,"$804,400,422 ",130,FALSE
"131","26-Apr",2,16,5497,"30.70%","-71.80%",158,34,"$804,405,919 ",131,FALSE
"132","27-Apr",3,18,5072,"-7.70%","-74.40%",158,32,"$804,410,991 ",132,FALSE
"133","28-Apr",4,16,5718,"12.70%","-62.80%",158,36,"$804,416,709 ",133,FALSE
"134","29-Apr",5,17,40075,"600.90%","45.80%",528,75,"$804,456,784 ",134,FALSE
"135","30-Apr",6,15,75823,"89.20%","96.70%",528,143,"$804,532,607 ",135,FALSE
"136","1-May",7,15,38119,"-49.70%","93.50%",528,72,"$804,570,726 ",136,FALSE
"137","2-May",1,17,12566,"-67%","198.70%",528,23,"$804,583,292 ",137,FALSE
"138","3-May",2,16,16387,"30.40%","198.10%",528,31,"$804,599,679 ",138,FALSE
"139","4-May",3,17,14273,"-12.90%","181.40%",528,27,"$804,613,952 ",139,FALSE
"140","5-May",4,18,3820,"-73.20%","-33.20%",528,7,"$804,617,772 ",140,FALSE
"141","6-May",5,17,13333,"249%","-66.70%",132,101,"$804,631,105 ",141,FALSE
"142","7-May",6,16,22204,"66.50%","-70.70%",132,168,"$804,653,309 ",142,FALSE
"143","8-May",7,20,7311,"-67.10%","-80.80%",132,55,"$804,660,620 ",143,FALSE
"144","9-May",1,22,1794,"-75.50%","-85.70%",132,13,"$804,662,414 ",144,FALSE
"145","10-May",2,21,1805,"0.60%","-89%",132,13,"$804,664,219 ",145,FALSE
"146","11-May",3,20,1879,"4.10%","-86.80%",132,14,"$804,666,098 ",146,FALSE
"147","12-May",4,18,1732,"-7.80%","-54.70%",132,13,"$804,667,830 ",147,FALSE
"148","13-May",5,18,14789,"753.90%","10.90%",132,112,"$804,682,619 ",148,FALSE
"149","14-May",6,18,19283,"30.40%","-13.20%",132,146,"$804,701,902 ",149,FALSE
"150","15-May",7,21,3690,"-80.90%","-49.50%",132,27,"$804,705,592 ",150,FALSE
"151","16-May",1,20,1752,"-52.50%","-2.30%",132,13,"$804,707,344 ",151,FALSE
"152","17-May",2,27,1049,"-40.10%","-41.90%",132,7,"$804,708,393 ",152,FALSE
"153","18-May",3,26,701,"-33.20%","-62.70%",132,5,"$804,709,094 ",153,FALSE
"154","19-May",4,26,883,"26%","-49%",132,6,"$804,709,977 ",154,FALSE
"155","20-May",5,20,10887,"1133%","-26.40%",132,82,"$804,720,864 ",155,FALSE
"156","21-May",6,21,14795,"35.90%","-23.30%",132,112,"$804,735,659 ",156,FALSE
"157","22-May",7,23,6409,"-56.70%","73.70%",132,48,"$804,742,068 ",157,FALSE
"158","23-May",1,22,1823,"-71.60%","4.10%",132,13,"$804,743,891 ",158,FALSE
"159","24-May",2,26,684,"-62.50%","-34.80%",132,5,"$804,744,575 ",159,FALSE
"160","25-May",3,26,1357,"98.40%","93.60%",132,10,"$804,745,932 ",160,FALSE
"161","26-May",4,23,2056,"51.50%","132.80%",132,15,"$804,747,988 ",161,FALSE
"162","27-May",5,26,2171,"5.60%","-80.10%",42,51,"$804,750,159 ",162,FALSE
"163","28-May",6,26,4159,"91.60%","-71.90%",42,99,"$804,754,318 ",163,FALSE
"164","29-May",7,25,3105,"-25.30%","-51.60%",42,73,"$804,757,423 ",164,FALSE
"165","30-May",1,26,1481,"-52.30%","-18.80%",42,35,"$804,758,904 ",165,FALSE
"166","31-May",2,25,825,"-44.30%","20.60%",42,19,"$804,759,729 ",166,FALSE
"167","1-Jun",3,23,761,"-7.80%","-43.90%",42,18,"$804,760,490 ",167,FALSE
"168","2-Jun",4,27,632,"-17%","-69.30%",42,15,"$804,761,122 ",168,FALSE
"169","3-Jun",5,29,2396,"279.10%","10.40%",33,72,"$804,763,518 ",169,FALSE
"170","4-Jun",6,30,3655,"52.50%","-12.10%",33,110,"$804,767,173 ",170,FALSE
"171","5-Jun",7,29,2486,"-32%","-19.90%",33,75,"$804,769,659 ",171,FALSE
"172","6-Jun",1,29,479,"-80.70%","-67.70%",33,14,"$804,770,138 ",172,FALSE
"173","7-Jun",2,29,691,"44.30%","-16.20%",33,20,"$804,770,829 ",173,FALSE
"174","8-Jun",3,29,421,"-39.10%","-44.70%",33,12,"$804,771,250 ",174,FALSE
"175","9-Jun",4,28,558,"32.50%","-11.70%",33,16,"$804,771,808 ",175,FALSE
"176","10-Jun",5,29,1831,"228.10%","-23.60%",20,91,"$804,773,639 ",176,FALSE
"177","11-Jun",6,29,2777,"51.70%","-24%",20,138,"$804,776,416 ",177,FALSE
"178","12-Jun",7,32,1251,"-55%","-49.70%",20,62,"$804,777,667 ",178,FALSE
"179","13-Jun",1,33,239,"-80.90%","-50.10%",20,11,"$804,777,906 ",179,FALSE
"180","14-Jun",2,30,390,"63.20%","-43.60%",20,19,"$804,778,296 ",180,FALSE
"181","15-Jun",3,28,602,"54.40%","43%",20,30,"$804,778,898 ",181,FALSE
"182","16-Jun",4,31,437,"-27.40%","-21.70%",20,21,"$804,779,335 ",182,FALSE
"183","17-Jun",5,25,3188,"629.50%","74.10%",18,177,"$804,782,523 ",183,FALSE
"184","18-Jun",6,26,4404,"38.10%","58.60%",18,244,"$804,786,927 ",184,FALSE
"185","19-Jun",7,27,2138,"-51.50%","70.90%",18,118,"$804,789,065 ",185,FALSE
"186","20-Jun",1,33,269,"-87.40%","12.60%",18,14,"$804,789,334 ",186,FALSE
"187","21-Jun",2,34,236,"-12.30%","-39.50%",18,13,"$804,789,570 ",187,FALSE
"188","22-Jun",3,29,444,"88.10%","-26.20%",18,24,"$804,790,014 ",188,FALSE
"189","23-Jun",4,26,830,"86.90%","89.90%",18,46,"$804,790,844 ",189,FALSE
"190","24-Jun",5,28,456,"-45.10%","-85.70%",10,45,"$804,791,300 ",190,FALSE
"191","25-Jun",6,30,575,"26.10%","-86.90%",10,57,"$804,791,875 ",191,FALSE
"192","26-Jun",7,28,543,"-5.60%","-74.60%",10,54,"$804,792,418 ",192,FALSE
"193","27-Jun",1,26,159,"-70.70%","-40.90%",10,15,"$804,792,577 ",193,FALSE
"194","28-Jun",2,27,333,"109.40%","41.10%",10,33,"$804,792,910 ",194,FALSE
"195","29-Jun",3,26,240,"-27.90%","-45.90%",10,24,"$804,793,150 ",195,FALSE
"196","30-Jun",4,27,327,"36.20%","-60.60%",10,32,"$804,793,477 ",196,FALSE
