"","Date","DOW","Rank","Daily","X...YD","X...LW","Theaters","Avg","To.Date","Day","Estimated"
"1","2-Jul",2,1,39255628,"-","-",4634,8471,39255628,1,FALSE
"2","3-Jul",3,1,27508094,"-29.90%","-",4634,5936,66763722,2,FALSE
"3","4-Jul",4,1,25720128,"-6.50%","-",4634,5550,92483850,3,FALSE
"4","5-Jul",5,1,32680863,"27.10%","-",4634,7052,125164713,4,FALSE
"5","6-Jul",6,1,34222790,"4.70%","-",4634,7385,159387503,5,FALSE
"6","7-Jul",7,1,25675559,"-25%","-",4634,5540,185063062,6,FALSE
"7","8-Jul",1,1,10876965,"-57.60%","-",4634,2347,195940027,7,FALSE
"8","9-Jul",2,1,15135394,"39.20%","-61.40%",4634,3266,211075421,8,FALSE
"9","10-Jul",3,1,9225531,"-39%","-66.50%",4634,1990,220300952,9,FALSE
"10","11-Jul",4,1,8928353,"-3.20%","-65.30%",4634,1926,229229305,10,FALSE
"11","12-Jul",5,1,13337741,"49.40%","-59.20%",4634,2878,242567046,11,FALSE
"12","13-Jul",6,1,18110228,"35.80%","-47.10%",4634,3908,260677274,12,FALSE
"13","14-Jul",7,1,13905390,"-23.20%","-45.80%",4634,3000,274582664,13,FALSE
"14","15-Jul",1,1,5527448,"-60.20%","-49.20%",4634,1192,280110112,14,FALSE
"15","16-Jul",2,1,8822096,"59.60%","-41.70%",4634,1903,288932208,15,FALSE
"16","17-Jul",3,1,5408839,"-38.70%","-41.40%",4634,1167,294341047,16,FALSE
"17","18-Jul",4,1,4318365,"-20.20%","-51.60%",4634,931,298659412,17,FALSE
"18","19-Jul",5,2,6024725,"39.50%","-54.80%",4415,1364,304684137,18,FALSE
"19","20-Jul",6,2,8413659,"39.70%","-53.50%",4415,1905,313097796,19,FALSE
"20","21-Jul",7,2,6764047,"-19.60%","-51.40%",4415,1532,319861843,20,FALSE
"21","22-Jul",1,2,2909209,"-57%","-47.40%",4415,658,322771052,21,FALSE
"22","23-Jul",2,2,4362887,"50%","-50.50%",4415,988,327133939,22,FALSE
"23","24-Jul",3,2,2667594,"-38.90%","-50.70%",4415,604,329801533,23,FALSE
"24","25-Jul",4,2,2453737,"-8%","-43.20%",4415,555,332255270,24,FALSE
"25","26-Jul",5,3,3540491,"44.30%","-41.20%",3851,919,335795761,25,FALSE
"26","27-Jul",6,3,4952874,"39.90%","-41.10%",3851,1286,340748635,26,FALSE
"27","28-Jul",7,3,3958778,"-20.10%","-41.50%",3851,1027,344707413,27,FALSE
"28","29-Jul",1,3,1792843,"-54.70%","-38.40%",3851,465,346500256,28,FALSE
"29","30-Jul",2,3,2708709,"51.10%","-37.90%",3851,703,349208965,29,FALSE
"30","31-Jul",3,3,1811406,"-33.10%","-32.10%",3851,470,351020371,30,FALSE
"31","1-Aug",4,3,1553554,"-14.20%","-36.70%",3851,403,352573925,31,FALSE
"32","2-Aug",5,4,2260524,"45.50%","-36.20%",3446,655,354834449,32,FALSE
"33","3-Aug",6,4,3158967,"39.70%","-36.20%",3446,916,357993416,33,FALSE
"34","4-Aug",7,4,2484566,"-21.30%","-37.20%",3446,721,360477982,34,FALSE
"35","5-Aug",1,4,1225239,"-50.70%","-31.70%",3446,355,361703221,35,FALSE
"36","6-Aug",2,4,1739065,"41.90%","-35.80%",3446,504,363442286,36,FALSE
"37","7-Aug",3,4,1204815,"-30.70%","-33.50%",3446,349,364647101,37,FALSE
"38","8-Aug",4,4,1025389,"-14.90%","-34%",3446,297,365672490,38,FALSE
"39","9-Aug",5,8,1488036,"45.10%","-34.20%",2678,555,367160526,39,FALSE
"40","10-Aug",6,8,2175689,"46.20%","-31.10%",2678,812,369336215,40,FALSE
"41","11-Aug",7,7,1613847,"-25.80%","-35%",2678,602,370950062,41,FALSE
"42","12-Aug",1,7,744142,"-53.90%","-39.30%",2678,277,371694204,42,FALSE
"43","13-Aug",2,9,1023149,"37.50%","-41.20%",2678,382,372717353,43,FALSE
"44","14-Aug",3,8,640427,"-37.40%","-46.80%",2678,239,373357780,44,FALSE
"45","15-Aug",4,8,516765,"-19.30%","-49.60%",2678,192,373874545,45,FALSE
"46","16-Aug",5,12,765143,"48.10%","-48.60%",1515,505,374639688,46,FALSE
"47","17-Aug",6,12,1190789,"55.60%","-45.30%",1515,785,375830477,47,FALSE
"48","18-Aug",7,12,845884,"-29%","-47.60%",1515,558,376676361,48,FALSE
"49","19-Aug",1,12,345734,"-59.10%","-53.50%",1515,228,377022095,49,FALSE
"50","20-Aug",2,12,452481,"30.90%","-55.80%",1515,298,377474576,50,FALSE
"51","21-Aug",3,13,325111,"-28.10%","-49.20%",1515,214,377799687,51,FALSE
"52","22-Aug",4,13,269320,"-17.20%","-47.90%",1515,177,378069007,52,FALSE
"53","23-Aug",5,15,464600,"72.50%","-39.30%",1008,460,378533607,53,FALSE
"54","24-Aug",6,15,737918,"58.80%","-38%",1008,732,379271525,54,FALSE
"55","25-Aug",7,16,479955,"-35%","-43.30%",1008,476,379751480,55,FALSE
"56","26-Aug",1,17,180216,"-62.50%","-47.90%",1008,178,379931696,56,FALSE
"57","27-Aug",2,16,267935,"48.70%","-40.80%",1008,265,380199631,57,FALSE
"58","28-Aug",3,17,176539,"-34.10%","-45.70%",1008,175,380376170,58,FALSE
"59","29-Aug",4,20,76418,"-56.70%","-71.60%",1008,75,380452588,59,FALSE
"60","30-Aug",5,8,1146126,"1399.80%","146.70%",3162,362,381598714,60,FALSE
"61","31-Aug",6,10,1551418,"35.40%","110.20%",3162,490,383150132,61,FALSE
"62","1-Sep",7,11,1606189,"3.50%","234.70%",3162,507,384756321,62,FALSE
"63","2-Sep",1,10,1342554,"-16.40%","645%",3162,424,386098875,63,FALSE
"64","3-Sep",2,9,405889,"-69.80%","51.50%",3162,128,386504764,64,FALSE
"65","4-Sep",3,10,242798,"-40.20%","37.50%",3162,76,386747562,65,FALSE
"66","5-Sep",4,11,135284,"-44.30%","77%",3162,42,386882846,66,FALSE
"67","6-Sep",5,13,286115,"111.50%","-75%",1433,199,387168961,67,FALSE
"68","7-Sep",6,13,596384,"108.40%","-61.60%",1433,416,387765345,68,FALSE
"69","8-Sep",7,13,355553,"-40.40%","-77.90%",1433,248,388120898,69,FALSE
"70","9-Sep",1,12,94889,"-73.30%","-92.90%",1433,66,388215787,70,FALSE
"71","10-Sep",2,13,141988,"49.60%","-65%",1433,99,388357775,71,FALSE
"72","11-Sep",3,13,98657,"-30.50%","-59.40%",1433,68,388456432,72,FALSE
"73","12-Sep",4,14,78122,"-20.80%","-42.30%",1433,54,388534554,73,FALSE
"74","13-Sep",5,17,156975,"100.90%","-45.10%",710,221,388691529,74,FALSE
"75","14-Sep",6,16,331439,"111.10%","-44.40%",710,466,389022968,75,FALSE
"76","15-Sep",7,18,172507,"-48%","-51.50%",710,242,389195475,76,FALSE
"77","16-Sep",1,20,44052,"-74.50%","-53.60%",710,62,389239527,77,FALSE
"78","17-Sep",2,20,62656,"42.20%","-55.90%",710,88,389302183,78,FALSE
"79","18-Sep",3,20,42585,"-32%","-56.80%",710,59,389344768,79,FALSE
"80","19-Sep",4,19,31250,"-26.60%","-60%",710,44,389376018,80,FALSE
"81","20-Sep",5,19,91863,"194%","-41.50%",407,225,389467881,81,FALSE
"82","21-Sep",6,18,176761,"92.40%","-46.70%",407,434,389644642,82,FALSE
"83","22-Sep",7,20,107129,"-39.40%","-37.90%",407,263,389751771,83,FALSE
"84","23-Sep",1,21,26443,"-75.30%","-40%",407,64,389778214,84,FALSE
"85","24-Sep",2,20,34939,"32.10%","-44.20%",407,85,389813153,85,FALSE
"86","25-Sep",3,22,25983,"-25.60%","-39%",407,63,389839136,86,FALSE
"87","26-Sep",4,19,23827,"-8.30%","-23.80%",407,58,389862963,87,FALSE
"88","27-Sep",5,20,68127,"185.90%","-25.80%",394,172,389931090,88,FALSE
"89","28-Sep",6,22,144319,"111.80%","-18.40%",394,366,390075409,89,FALSE
"90","29-Sep",7,21,78086,"-45.90%","-27.10%",394,198,390153495,90,FALSE
"91","30-Sep",1,22,22451,"-71.20%","-15.10%",394,56,390175946,91,FALSE
"92","1-Oct",2,23,24369,"8.50%","-30.30%",394,61,390200315,92,FALSE
"93","2-Oct",3,24,18004,"-26.10%","-30.70%",394,45,390218319,93,FALSE
"94","3-Oct",4,22,15745,"-12.50%","-33.90%",394,39,390234064,94,FALSE
"95","4-Oct",5,24,30864,"96%","-54.70%",213,144,390264928,95,FALSE
"96","5-Oct",6,25,62299,"101.90%","-56.80%",213,292,390327227,96,FALSE
"97","6-Oct",7,25,34013,"-45.40%","-56.40%",213,159,390361240,97,FALSE
"98","7-Oct",1,25,10719,"-68.50%","-52.30%",213,50,390371959,98,FALSE
"99","8-Oct",2,24,14133,"31.80%","-42%",213,66,390386092,99,FALSE
"100","9-Oct",3,26,13327,"-5.70%","-26%",213,62,390399419,100,FALSE
"101","10-Oct",4,25,10975,"-17.60%","-30.30%",213,51,390410394,101,FALSE
"102","11-Oct",5,31,16787,"53%","-45.60%",133,126,390427181,102,FALSE
"103","12-Oct",6,30,26296,"56.60%","-57.80%",133,197,390453477,103,FALSE
"104","13-Oct",7,33,16652,"-36.70%","-51%",133,125,390470129,104,FALSE
"105","14-Oct",1,31,10014,"-39.90%","-6.60%",133,75,390480143,105,FALSE
"106","15-Oct",2,35,5117,"-48.90%","-63.80%",133,38,390485260,106,FALSE
"107","16-Oct",3,34,4827,"-5.70%","-63.80%",133,36,390490087,107,FALSE
"108","17-Oct",4,34,5183,"7.40%","-52.80%",133,38,390495270,108,FALSE
"109","18-Oct",5,36,7269,"40.20%","-56.70%",84,86,390502539,109,FALSE
"110","19-Oct",6,35,13448,"85%","-48.90%",84,160,390515987,110,FALSE
"111","20-Oct",7,35,7793,"-42.10%","-53.20%",84,92,390523780,111,FALSE
"112","21-Oct",1,40,2172,"-72.10%","-78.30%",84,25,390525952,112,FALSE
"113","22-Oct",2,42,2261,"4.10%","-55.80%",84,26,390528213,113,FALSE
"114","23-Oct",3,41,1842,"-18.50%","-61.80%",84,21,390530055,114,FALSE
"115","24-Oct",4,42,2030,"10.20%","-60.80%",84,24,390532085,115,FALSE
