Date,Event,DOW,Rank,Daily,YD%,LW%,Theaters,Avg,To Date,Day,Estimated
Jun 13,,5,1,21468125,,,3505,6125,21468125,1,False
Jun 14,,6,1,18383725,-14.4,,3505,5245,39851850,2,False
Jun 15,,7,1,15562200,-15.3,,3505,4440,55414050,3,False
Jun 16,,1,1,6010405,-61.4,,3505,1714,61424455,4,False
Jun 17,,2,1,4801850,-20.1,,3505,1370,66226305,5,False
Jun 18,,3,1,4503925,-6.2,,3505,1285,70730230,6,False
Jun 19,,4,1,4189140,-7.0,,3505,1195,74919370,7,False
Jun 20,,5,2,6665335,59.1,-69.0,3508,1900,81584705,8,False
Jun 21,,6,2,8559520,28.4,-53.4,3508,2440,90144225,9,False
Jun 22,,7,3,6911205,-19.3,-55.6,3508,1970,97055430,10,False
Jun 23,,1,3,2649125,-61.7,-55.9,3508,755,99704555,11,False
Jun 24,,2,3,2333405,-11.9,-51.4,3508,665,102037960,12,False
Jun 25,,3,3,2122340,-9.0,-52.9,3508,605,104160300,13,False
Jun 26,,4,3,2121665,0.1,-49.4,3508,604,106281965,14,False
Jun 27,,5,5,2930375,38.1,-56.0,3349,875,109212340,15,False
Jun 28,,6,5,3749985,28.0,-56.2,3349,1119,112962325,16,False
Jun 29,,7,5,2896885,-22.7,-58.1,3349,865,115859210,17,False
Jun 30,,1,5,1323125,-54.3,-50.1,3349,395,117182335,18,False
Jul 1,,2,6,1039225,-21.5,-55.5,3349,310,118221560,19,False
Jul 2,,3,7,723505,-30.4,-65.9,2890,250,118945065,20,False
Jul 3,,4,6,997050,37.8,-53.0,2890,345,119942115,21,False
Jul 4,Independence Day,5,6,1262845,26.7,-56.9,3043,415,121204960,22,False
Jul 5,,6,6,2114885,67.5,-43.6,3043,695,123319845,23,False
Jul 6,,7,6,1521550,-28.1,-47.5,3043,500,124841395,24,False
Jul 7,,1,6,700225,-54.0,-47.1,3043,230,125541620,25,False
Jul 8,,2,7,701005,0.1,-32.5,3043,230,126242625,26,False
Jul 9,,3,7,699435,-0.2,-3.3,3043,229,126942060,27,False
Jul 10,,4,7,639030,-8.6,-35.9,3043,210,127581090,28,False
Jul 11,,5,10,690475,8.1,-45.3,1945,355,128271565,29,False
Jul 12,,6,10,943395,36.6,-55.4,1945,485,129214960,30,False
Jul 13,,7,9,690475,-26.8,-54.6,1945,355,129905435,31,False
Jul 14,,1,10,330650,-52.1,-52.8,1945,170,130236085,32,False
Jul 15,,2,10,319995,-3.2,-54.4,1945,164,130556080,33,False
Jul 16,,3,10,312125,-2.5,-55.4,1945,160,130868205,34,False
Jul 17,,4,11,272445,-12.7,-57.4,1945,140,131140650,35,False
Jul 18,,5,15,196785,-27.8,-71.5,656,299,131337435,36,False
Jul 19,,6,15,249280,26.7,-73.6,656,380,131586715,37,False
Jul 20,,7,15,180450,-27.6,-73.9,656,275,131767165,38,False
Jul 21,,1,15,88560,-50.9,-73.2,656,135,131855725,39,False
Jul 22,,2,15,85280,-3.7,-73.3,656,130,131941005,40,False
Jul 23,,3,15,85335,0.1,-72.7,656,130,132026340,41,False
Jul 24,,4,15,91840,7.6,-66.3,656,140,132118180,42,False
Jul 25,,5,17,128960,40.4,-34.5,403,320,132247140,43,False
Jul 26,,6,16,167245,29.7,-32.9,403,415,132414385,44,False
Jul 27,,7,16,126945,-24.1,-29.7,403,315,132541330,45,False
Jul 28,,1,16,64480,-49.2,-27.2,403,160,132605810,46,False
Jul 29,,2,16,68605,6.4,-19.6,403,170,132674415,47,False
Jul 30,,3,16,68450,-0.2,-19.8,403,169,132742865,48,False
Jul 31,,4,16,62465,-8.7,-32.0,403,155,132805330,49,False
Aug 1,,5,17,159280,155.0,23.5,362,440,132964610,50,False
Aug 2,,6,17,190050,19.3,13.6,362,525,133154660,51,False
Aug 3,,7,17,128510,-32.4,1.2,362,355,133283170,52,False
Aug 4,,1,18,72395,-43.7,12.3,362,199,133355565,53,False
Aug 5,,2,18,72445,0.1,5.6,362,200,133428010,54,False
Aug 6,,3,20,52965,-26.9,-22.6,321,165,133480975,55,False
Aug 7,,4,20,54570,3.0,-12.6,321,170,133535545,56,False
Aug 8,Beijing Olympics,5,20,86320,58.2,-45.8,332,260,133621865,57,False
Aug 9,Beijing Olympics,6,20,136115,57.7,-28.4,332,409,133757980,58,False
Aug 10,Beijing Olympics,7,20,86355,-36.6,-32.8,332,260,133844335,59,False
Aug 11,Beijing Olympics,1,21,41500,-51.9,-42.7,332,125,133885835,60,False
Aug 12,Beijing Olympics,2,21,46595,12.3,-35.7,332,140,133932430,61,False
Aug 13,Beijing Olympics,3,22,38495,-17.4,-27.3,308,124,133970925,62,False
Aug 14,Beijing Olympics,4,22,38445,-0.1,-29.5,308,124,134009370,63,False
Aug 15,Beijing Olympics,5,30,51300,33.4,-40.6,228,225,134060670,64,False
Aug 16,Beijing Olympics,6,29,76380,48.9,-43.9,228,335,134137050,65,False
Aug 17,Beijing Olympics,7,28,52440,-31.3,-39.3,228,230,134189490,66,False
Aug 18,Beijing Olympics,1,26,21660,-58.7,-47.8,228,95,134211150,67,False
Aug 19,Beijing Olympics,2,29,25080,15.8,-46.2,228,110,134236230,68,False
Aug 20,Beijing Olympics,3,27,23895,-4.7,-37.9,228,104,134260125,69,False
Aug 21,Beijing Olympics,4,29,23940,0.2,-37.7,228,105,134284065,70,False
Aug 22,Beijing Olympics,5,35,29445,23.0,-42.6,151,195,134313510,71,False
Aug 23,Beijing Olympics,6,35,46055,56.4,-39.7,151,305,134359565,72,False
Aug 24,Beijing Olympics,7,34,27935,-39.3,-46.7,151,185,134387500,73,False
Aug 25,,1,34,10570,-62.2,-51.2,151,70,134398070,74,False
Aug 26,,2,34,9815,-7.1,-60.9,151,65,134407885,75,False
Aug 27,,3,35,9230,-6.0,-61.4,142,65,134417115,76,False
Aug 28,,4,34,9815,6.3,-59.0,142,69,134426930,77,False
Aug 29,,5,37,15485,57.8,-47.4,100,154,134442415,78,False
Aug 30,,6,35,27510,77.7,-40.3,100,275,134469925,79,False
Aug 31,,7,36,30500,10.9,9.2,100,305,134500425,80,False
Sep 1,Labor Day,1,39,17965,-41.1,70.0,100,179,134518390,81,False
Sep 2,,2,35,4995,-72.2,-49.1,100,49,134523385,82,False
Sep 3,,3,34,5495,10.0,-40.5,100,54,134528880,83,False
Sep 4,,4,34,5005,-8.9,-49.0,100,50,134533885,84,False
