"","Date","DOW","Rank","Daily","X...YD","X...LW","Theaters","Avg","To.Date","Day","Estimated"
"1","8-Nov",5,1,31899210,"-","-",3841,8304,31899210,1,FALSE
"2","9-Nov",6,1,32078010,"0.60%","-",3841,8351,63977220,2,FALSE
"3","10-Nov",7,1,21760621,"-32.20%","-",3841,5665,85737841,3,FALSE
"4","11-Nov",1,1,10417194,"-52.10%","-",3841,2712,96155035,4,FALSE
"5","12-Nov",2,1,5244111,"-49.70%","-",3841,1365,101399146,5,FALSE
"6","13-Nov",3,1,3565731,"-32%","-",3841,928,104964877,6,FALSE
"7","14-Nov",4,1,3546237,"-0.50%","-",3841,923,108511114,7,FALSE
"8","15-Nov",5,2,10524470,"196.80%","-67%",3841,2740,119035584,8,FALSE
"9","16-Nov",6,1,16761427,"59.30%","-47.70%",3841,4363,135797011,9,FALSE
"10","17-Nov",7,1,9300119,"-44.50%","-57.30%",3841,2421,145097130,10,FALSE
"11","18-Nov",1,2,2209623,"-76.20%","-78.80%",3841,575,147306753,11,FALSE
"12","19-Nov",2,1,2729808,"23.50%","-47.90%",3841,710,150036561,12,FALSE
"13","20-Nov",3,1,2004268,"-26.60%","-43.80%",3841,521,152040829,13,FALSE
"14","21-Nov",4,1,1679992,"-16.20%","-52.60%",3841,437,153720821,14,FALSE
"15","22-Nov",5,2,4041487,"140.60%","-61.60%",3713,1088,157762308,15,FALSE
"16","23-Nov",6,2,6378333,"57.80%","-61.90%",3713,1717,164140641,16,FALSE
"17","24-Nov",7,2,3776482,"-40.80%","-59.40%",3713,1017,167917123,17,FALSE
"18","25-Nov",1,2,1360662,"-64%","-38.40%",3713,366,169277785,18,FALSE
"19","26-Nov",2,2,1941500,"42.70%","-28.90%",3713,522,171219285,19,FALSE
"20","27-Nov",3,3,2346359,"20.90%","17.10%",3286,714,173565644,20,FALSE
"21","28-Nov",4,3,2054146,"-12.50%","22.30%",3286,625,175619790,21,FALSE
"22","29-Nov",5,3,4477422,"118%","10.80%",3286,1362,180097212,22,FALSE
"23","30-Nov",6,3,4461688,"-0.40%","-30%",3286,1357,184558900,23,FALSE
"24","1-Dec",7,3,2146186,"-51.90%","-43.20%",3286,653,186705086,24,FALSE
"25","2-Dec",1,3,531201,"-75.20%","-61%",3286,161,187236287,25,FALSE
"26","3-Dec",2,4,655345,"23.40%","-66.20%",3286,199,187891632,26,FALSE
"27","4-Dec",3,3,498942,"-23.90%","-78.70%",3286,151,188390574,27,FALSE
"28","5-Dec",4,3,509068,"2%","-75.20%",3286,154,188899642,28,FALSE
"29","6-Dec",5,4,1295977,"154.60%","-71.10%",3074,421,190195619,29,FALSE
"30","7-Dec",6,3,2272980,"75.40%","-49.10%",3074,739,192468599,30,FALSE
"31","8-Dec",7,3,1242588,"-45.30%","-42.10%",3074,404,193711187,31,FALSE
"32","9-Dec",1,4,397478,"-68%","-25.20%",3074,129,194108665,32,FALSE
"33","10-Dec",2,4,509966,"28.30%","-22.20%",3074,165,194618631,33,FALSE
"34","11-Dec",3,4,401237,"-21.30%","-19.60%",3074,130,195019868,34,FALSE
"35","12-Dec",4,3,405821,"1.10%","-20.30%",3074,132,195425689,35,FALSE
"36","13-Dec",5,5,801586,"97.50%","-38.10%",2264,354,196227275,36,FALSE
"37","14-Dec",6,5,1206083,"50.50%","-46.90%",2264,532,197433358,37,FALSE
"38","15-Dec",7,5,812386,"-32.60%","-34.60%",2264,358,198245744,38,FALSE
"39","16-Dec",1,5,301519,"-62.90%","-24.10%",2264,133,198547263,39,FALSE
"40","17-Dec",2,5,342564,"13.60%","-32.80%",2264,151,198889827,40,FALSE
"41","18-Dec",3,6,273905,"-20%","-31.70%",1923,142,199163732,41,FALSE
"42","19-Dec",4,6,274376,"0.20%","-32.40%",1923,142,199438108,42,FALSE
"43","20-Dec",5,10,361847,"31.90%","-54.90%",1116,324,199799955,43,FALSE
"44","21-Dec",6,10,522668,"44.40%","-56.70%",1116,468,200322623,44,FALSE
"45","22-Dec",7,10,457248,"-12.50%","-43.70%",1116,409,200779871,45,FALSE
"46","23-Dec",1,10,365540,"-20.10%","21.20%",1116,327,201145411,46,FALSE
"47","24-Dec",2,10,261885,"-28.40%","-23.60%",1116,234,201407296,47,FALSE
"48","25-Dec",3,21,151326,"-42.20%","-44.80%",319,474,201558622,48,FALSE
"49","26-Dec",4,20,168915,"11.60%","-38.40%",319,529,201727537,49,FALSE
"50","27-Dec",5,19,209196,"23.80%","-42.20%",319,655,201936733,50,FALSE
"51","28-Dec",6,19,248434,"18.80%","-52.50%",319,778,202185167,51,FALSE
"52","29-Dec",7,20,178443,"-28.20%","-61%",319,559,202363610,52,FALSE
"53","30-Dec",1,20,151512,"-15.10%","-58.60%",319,474,202515122,53,FALSE
"54","31-Dec",2,22,136610,"-9.80%","-47.80%",319,428,202651732,54,FALSE
"55","1-Jan",3,21,205020,"50.10%","35.50%",319,642,202856752,55,FALSE
"56","2-Jan",4,20,115945,"-43.40%","-31.40%",319,363,202972697,56,FALSE
"57","3-Jan",5,21,165675,"42.90%","-20.80%",291,569,203138372,57,FALSE
"58","4-Jan",6,22,205566,"24.10%","-17.30%",291,706,203343938,58,FALSE
"59","5-Jan",7,22,105266,"-48.80%","-41%",291,361,203449204,59,FALSE
"60","6-Jan",1,21,43806,"-58.40%","-71.10%",291,150,203493010,60,FALSE
"61","7-Jan",2,21,49569,"13.20%","-63.70%",291,170,203542579,61,FALSE
"62","8-Jan",3,24,39457,"-20.40%","-80.80%",291,135,203582036,62,FALSE
"63","9-Jan",4,24,37550,"-4.80%","-67.60%",291,129,203619586,63,FALSE
"64","10-Jan",5,23,85088,"126.60%","-48.60%",257,331,203704674,64,FALSE
"65","11-Jan",6,24,151370,"77.90%","-26.40%",257,588,203856044,65,FALSE
"66","12-Jan",7,24,78436,"-48.20%","-25.50%",257,305,203934480,66,FALSE
"67","13-Jan",1,26,24545,"-68.70%","-44%",257,95,203959025,67,FALSE
"68","14-Jan",2,26,29710,"21%","-40.10%",257,115,203988735,68,FALSE
"69","15-Jan",3,27,25925,"-12.70%","-34.30%",257,100,204014660,69,FALSE
"70","16-Jan",4,27,27102,"4.50%","-27.80%",257,105,204041762,70,FALSE
