Date,Event,DOW,Rank,Daily,YD%,LW%,Theaters,Avg,To Date,Day,Estimated
Jul 8,,5,1,69554073,,,4375,15898,69554073,1,False
Jul 9,,6,1,42112494,-39.5,,4375,9625,111666567,2,False
Jul 10,,7,1,32498540,-22.8,,4375,7428,144165107,3,False
Jul 11,,1,1,12182506,-62.5,,4375,2784,156347613,4,False
Jul 12,,2,1,13655428,12.1,,4375,3121,170003041,5,False
Jul 13,,3,1,8929256,-34.6,,4375,2040,178932297,6,False
Jul 14,,4,1,8338839,-6.6,,4375,1906,187271136,7,False
Jul 15,,5,1,13775873,65.2,-80.2,4375,3148,201047009,8,False
Jul 16,,6,1,18501978,34.3,-56.1,4375,4229,219548987,9,False
Jul 17,,7,1,14354321,-22.4,-55.8,4375,3280,233903308,10,False
Jul 18,,1,1,5337661,-62.8,-56.2,4375,1220,239240969,11,False
Jul 19,,2,1,6440182,20.7,-52.8,4375,1472,245681151,12,False
Jul 20,,3,1,4536230,-29.6,-49.2,4375,1036,250217381,13,False
Jul 21,,4,1,3903317,-14.0,-53.2,4375,892,254120698,14,False
Jul 22,,5,2,6346368,62.6,-53.9,4370,1452,260467066,15,False
Jul 23,,6,2,8957743,41.1,-51.6,4370,2049,269424809,16,False
Jul 24,,7,2,7255167,-19.0,-49.5,4370,1660,276679976,17,False
Jul 25,,1,2,2985165,-58.9,-44.1,4370,683,279665141,18,False
Jul 26,,2,2,3642056,22.0,-43.4,4370,833,283307197,19,False
Jul 27,,3,2,2629778,-27.8,-42.0,4370,601,285936975,20,False
Jul 28,,4,2,2510294,-4.5,-35.7,4370,574,288447269,21,False
Jul 29,,5,3,3825926,52.4,-39.7,3650,1048,292273195,22,False
Jul 30,,6,3,5220988,36.5,-41.7,3650,1430,297494183,23,False
Jul 31,,7,3,4129617,-20.9,-43.1,3650,1131,301623800,24,False
Aug 1,,1,3,1855722,-55.1,-37.8,3650,508,303479522,25,False
Aug 2,,2,4,2016815,8.7,-44.6,3650,552,305496337,26,False
Aug 3,,3,4,1540247,-23.6,-41.4,3650,421,307036584,27,False
Aug 4,,4,4,1427467,-7.3,-43.1,3650,391,308464051,28,False
Aug 5,,5,4,2174950,52.4,-43.2,3400,639,310639001,29,False
Aug 6,,6,4,3146518,44.7,-39.7,3400,925,313785519,30,False
Aug 7,,7,4,2384553,-24.2,-42.3,3400,701,316170072,31,False
Aug 8,,1,6,1001197,-58.0,-46.0,3400,294,317171269,32,False
Aug 9,,2,6,1203009,20.2,-40.4,3400,353,318374278,33,False
Aug 10,,3,6,870059,-27.7,-43.5,3400,255,319244337,34,False
Aug 11,,4,5,839874,-3.5,-41.2,3400,247,320084211,35,False
Aug 12,,5,5,1476310,75.8,-32.1,3175,464,321560521,36,False
Aug 13,,6,4,2272011,53.9,-27.8,3175,715,323832532,37,False
Aug 14,,7,4,1629630,-28.3,-31.7,3175,513,325462162,38,False
Aug 15,,1,5,630078,-61.3,-37.1,3175,198,326092240,39,False
Aug 16,,2,5,788615,25.2,-34.4,3175,248,326880855,40,False
Aug 17,,3,6,619977,-21.4,-28.7,3175,195,327500832,41,False
Aug 18,,4,4,580792,-6.3,-30.8,3175,182,328081624,42,False
Aug 19,,5,6,1072941,84.7,-27.3,2755,389,329154565,43,False
Aug 20,,6,6,1769188,64.9,-22.1,2755,642,330923753,44,False
Aug 21,,7,6,1223120,-30.9,-24.9,2755,443,332146873,45,False
Aug 22,,1,7,464559,-62.0,-26.3,2755,168,332611432,46,False
Aug 23,,2,8,525907,13.2,-33.3,2755,190,333137339,47,False
Aug 24,,3,8,375776,-28.5,-39.4,2755,136,333513115,48,False
Aug 25,,4,7,357043,-5.0,-38.5,2755,129,333870158,49,False
Aug 26,,5,8,710473,99.0,-33.8,2450,289,334580631,50,False
Aug 27,,6,8,1184954,66.8,-33.0,2450,483,335765585,51,False
Aug 28,,7,8,749387,-36.8,-38.7,2450,305,336514972,52,False
Aug 29,,1,9,237389,-68.3,-48.9,2450,96,336752361,53,False
Aug 30,,2,10,325631,37.2,-38.1,2450,132,337077992,54,False
Aug 31,,3,9,231181,-29.0,-38.5,2450,94,337309173,55,False
Sep 1,,4,9,207123,-10.4,-42.0,2450,84,337516296,56,False
Sep 2,,5,11,447200,115.9,-37.1,2090,213,337963496,57,False
Sep 3,,6,8,1292425,189.0,9.1,2090,618,339255921,58,False
Sep 4,,7,8,934163,-27.7,24.7,2090,446,340190084,59,False
Sep 5,Labor Day,1,10,701273,-24.9,195.4,2090,335,340891357,60,False
Sep 6,,2,13,161012,-77.0,-50.6,2090,77,341052369,61,False
Sep 7,,3,13,118121,-26.6,-48.9,2090,56,341170490,62,False
Sep 8,,4,14,100301,-15.1,-51.6,2090,47,341270791,63,False
Sep 9,,5,13,262837,162.0,-41.2,1850,142,341533628,64,False
Sep 10,,6,12,484043,84.2,-62.5,1850,261,342017671,65,False
Sep 11,,7,13,269981,-44.2,-71.1,1850,145,342287652,66,False
Sep 12,,1,15,73381,-72.8,-89.5,1850,39,342361033,67,False
Sep 13,,2,14,89229,21.6,-44.6,1850,48,342450262,68,False
Sep 14,,3,16,63570,-28.8,-46.2,1850,34,342513832,69,False
Sep 15,,4,13,57773,-9.1,-42.4,1850,31,342571605,70,False
Sep 16,,5,21,94833,64.1,-63.9,820,115,342666438,71,False
Sep 17,,6,18,178152,87.9,-63.2,820,217,342844590,72,False
Sep 18,,7,19,102835,-42.3,-61.9,820,125,342947425,73,False
Sep 19,,1,23,26499,-74.2,-63.9,820,32,342973924,74,False
Sep 20,,2,25,28690,8.3,-67.8,820,34,343002614,75,False
Sep 21,,3,24,24399,-15.0,-61.6,820,29,343027013,76,False
Sep 22,,4,21,25796,5.7,-55.3,820,31,343052809,77,False
Sep 23,,5,24,27083,5.0,-71.4,230,117,343079892,78,False
Sep 24,,6,23,49064,81.2,-72.5,230,213,343128956,79,False
Sep 25,,7,24,27428,-44.1,-73.3,230,119,343156384,80,False
Sep 26,,1,28,7399,-73.0,-72.1,230,32,343163783,81,False
Sep 27,,2,29,7411,0.2,-74.2,230,32,343171194,82,False
Sep 28,,3,24,9363,26.3,-61.6,230,40,343180557,83,False
Sep 29,,4,28,4677,-50.0,-81.9,230,20,343185234,84,False
Sep 30,,5,31,10274,119.7,-62.1,105,97,343195508,85,False
Oct 1,,6,30,19453,89.3,-60.4,105,185,343214961,86,False
Oct 2,,7,30,9413,-51.6,-65.7,105,89,343224374,87,False
Oct 3,,1,34,1597,-83.0,-78.4,105,15,343225971,88,False
Oct 4,,2,32,2604,63.1,-64.9,105,24,343228575,89,False
Oct 5,,3,31,2442,-6.2,-73.9,105,23,343231017,90,False
Oct 6,,4,33,2029,-16.9,-56.6,105,19,343233046,91,False
Oct 7,,5,34,4401,116.9,-57.2,60,73,343237447,92,False
Oct 8,,6,32,8096,84.0,-58.4,60,134,343245543,93,False
Oct 9,,7,32,4015,-50.4,-57.3,60,66,343249558,94,False
Oct 10,Indig. Peoples' Day,1,29,3475,-13.4,117.6,60,57,343253033,95,False
Oct 11,,2,30,1765,-49.2,-32.2,60,29,343254798,96,False
Oct 12,,3,32,1049,-40.6,-57.0,60,17,343255847,97,False
Oct 13,,4,31,983,-6.3,-51.6,60,16,343256830,98,False
