"","Date","DOW","Rank","Daily","X...YD","X...LW","Theaters","Avg","To.Date","Day","Estimated"
"1","3-Nov",5,1,46470936,"-","-",4080,11389,"$46,470,936 ",1,FALSE
"2","4-Nov",6,1,44203752,"-4.90%","-",4080,10834,"$90,674,688 ",2,FALSE
"3","5-Nov",7,1,32070301,"-27.40%","-",4080,7860,"$122,744,989 ",3,FALSE
"4","6-Nov",1,1,8247661,"-74.30%","-",4080,2021,"$130,992,650 ",4,FALSE
"5","7-Nov",2,1,10824443,"31.20%","-",4080,2653,"$141,817,093 ",5,FALSE
"6","8-Nov",3,1,6148407,"-43.20%","-",4080,1506,"$147,965,500 ",6,FALSE
"7","9-Nov",4,1,7024207,"14.20%","-",4080,1721,"$154,989,707 ",7,FALSE
"8","10-Nov",5,1,18361360,"161.40%","-60.50%",4080,4500,"$173,351,067 ",8,FALSE
"9","11-Nov",6,1,23744122,"29.30%","-46.30%",4080,5819,"$197,095,189 ",9,FALSE
"10","12-Nov",7,1,14972824,"-36.90%","-53.30%",4080,3669,"$212,068,013 ",10,FALSE
"11","13-Nov",1,1,3699478,"-75.30%","-55.10%",4080,906,"$215,767,491 ",11,FALSE
"12","14-Nov",2,1,4489361,"21.40%","-58.50%",4080,1100,"$220,256,852 ",12,FALSE
"13","15-Nov",3,1,2919452,"-35%","-52.50%",4080,715,"$223,176,304 ",13,FALSE
"14","16-Nov",4,1,2419866,"-17.10%","-65.50%",4080,593,"$225,596,170 ",14,FALSE
"15","17-Nov",5,3,5735104,"137%","-68.80%",4080,1405,"$231,331,274 ",15,FALSE
"16","18-Nov",6,3,9559369,"66.70%","-59.70%",4080,2342,"$240,890,643 ",16,FALSE
"17","19-Nov",7,3,6375127,"-33.30%","-57.40%",4080,1562,"$247,265,770 ",17,FALSE
"18","20-Nov",1,3,2457686,"-61.40%","-33.60%",4080,602,"$249,723,456 ",18,FALSE
"19","21-Nov",2,3,3489938,"42%","-22.30%",4080,855,"$253,213,394 ",19,FALSE
"20","22-Nov",3,4,4038922,"15.70%","38.30%",3281,1231,"$257,252,316 ",20,FALSE
"21","23-Nov",4,4,3534961,"-12.50%","46.10%",3281,1077,"$260,787,277 ",21,FALSE
"22","24-Nov",5,4,6718044,"90%","17.10%",3281,2047,"$267,505,321 ",22,FALSE
"23","25-Nov",6,4,6581173,"-2%","-31.20%",3281,2005,"$274,086,494 ",23,FALSE
"24","26-Nov",7,4,3564077,"-45.80%","-44.10%",3281,1086,"$277,650,571 ",24,FALSE
"25","27-Nov",1,4,872200,"-75.50%","-64.50%",3281,265,"$278,522,771 ",25,FALSE
"26","28-Nov",2,5,1156251,"32.60%","-66.90%",3281,352,"$279,679,022 ",26,FALSE
"27","29-Nov",3,4,919744,"-20.50%","-77.20%",3281,280,"$280,598,766 ",27,FALSE
"28","30-Nov",4,4,1148833,"24.90%","-67.50%",3281,350,"$281,747,599 ",28,FALSE
"29","1-Dec",5,4,2695400,"134.60%","-59.90%",3148,856,"$284,442,999 ",29,FALSE
"30","2-Dec",6,4,4425036,"64.20%","-32.80%",3148,1405,"$288,868,035 ",30,FALSE
"31","3-Dec",7,4,2765500,"-37.50%","-22.40%",3148,878,"$291,633,535 ",31,FALSE
"32","4-Dec",1,4,753838,"-72.70%","-13.60%",3148,239,"$292,387,373 ",32,FALSE
"33","5-Dec",2,4,1023330,"35.70%","-11.50%",3148,325,"$293,410,703 ",33,FALSE
"34","6-Dec",3,4,734214,"-28.30%","-20.20%",3148,233,"$294,144,917 ",34,FALSE
"35","7-Dec",4,4,720147,"-1.90%","-37.30%",3148,228,"$294,865,064 ",35,FALSE
"36","8-Dec",5,6,1677125,"132.90%","-37.80%",3047,550,"$296,542,189 ",36,FALSE
"37","9-Dec",6,4,2843711,"69.60%","-35.70%",3047,933,"$299,385,900 ",37,FALSE
"38","10-Dec",7,4,1750538,"-38.40%","-36.70%",3047,574,"$301,136,438 ",38,FALSE
"39","11-Dec",1,5,516235,"-70.50%","-31.50%",3047,169,"$301,652,673 ",39,FALSE
"40","12-Dec",2,4,740606,"43.50%","-27.60%",3047,243,"$302,393,279 ",40,FALSE
"41","13-Dec",3,5,556948,"-24.80%","-24.10%",3047,182,"$302,950,227 ",41,FALSE
"42","14-Dec",4,4,443893,"-20.30%","-38.40%",3047,145,"$303,394,120 ",42,FALSE
"43","15-Dec",5,7,784873,"76.80%","-53.20%",1895,414,"$304,178,993 ",43,FALSE
"44","16-Dec",6,7,1350766,"72.10%","-52.50%",1895,712,"$305,529,759 ",44,FALSE
"45","17-Dec",7,7,997777,"-26.10%","-43%",1895,526,"$306,527,536 ",45,FALSE
"46","18-Dec",1,8,440793,"-55.80%","-14.60%",1895,232,"$306,968,329 ",46,FALSE
"47","19-Dec",2,7,598002,"35.70%","-19.30%",1895,315,"$307,566,331 ",47,FALSE
"48","20-Dec",3,10,383763,"-35.80%","-31.10%",1895,202,"$307,950,094 ",48,FALSE
"49","21-Dec",4,10,340664,"-11.20%","-23.30%",1895,179,"$308,290,758 ",49,FALSE
"50","22-Dec",5,18,292159,"-14.20%","-62.80%",701,416,"$308,582,917 ",50,FALSE
"51","23-Dec",6,18,341142,"16.80%","-74.70%",701,486,"$308,924,059 ",51,FALSE
"52","24-Dec",7,17,200577,"-41.20%","-79.90%",701,286,"$309,124,636 ",52,FALSE
"53","25-Dec",1,18,329457,"64.30%","-25.30%",701,469,"$309,454,093 ",53,FALSE
"54","26-Dec",2,18,330578,"0.30%","-44.70%",701,471,"$309,784,671 ",54,FALSE
"55","27-Dec",3,20,289463,"-12.40%","-24.60%",701,412,"$310,074,134 ",55,FALSE
"56","28-Dec",4,18,296105,"2.30%","-13.10%",701,422,"$310,370,239 ",56,FALSE
"57","29-Dec",5,18,306552,"3.50%","4.90%",540,567,"$310,676,791 ",57,FALSE
"58","30-Dec",6,19,341736,"11.50%","0.20%",540,632,"$311,018,527 ",58,FALSE
"59","31-Dec",7,18,206623,"-39.50%","3%",540,382,"$311,225,150 ",59,FALSE
"60","1-Jan",1,19,274976,"33.10%","-16.50%",540,509,"$311,500,126 ",60,FALSE
"61","2-Jan",2,17,182206,"-33.70%","-44.90%",540,337,"$311,682,332 ",61,FALSE
"62","3-Jan",3,17,137563,"-24.50%","-52.50%",540,254,"$311,819,895 ",62,FALSE
"63","4-Jan",4,17,124891,"-9.20%","-57.80%",540,231,"$311,944,786 ",63,FALSE
"64","5-Jan",5,21,155985,"24.90%","-49.10%",325,479,"$312,100,771 ",64,FALSE
"65","6-Jan",6,21,226596,"45.30%","-33.70%",325,697,"$312,327,367 ",65,FALSE
"66","7-Jan",7,21,132359,"-41.60%","-35.90%",325,407,"$312,459,726 ",66,FALSE
"67","8-Jan",1,21,44384,"-66.50%","-83.90%",325,136,"$312,504,110 ",67,FALSE
"68","9-Jan",2,21,53119,"19.70%","-70.80%",325,163,"$312,557,229 ",68,FALSE
"69","10-Jan",3,21,45469,"-14.40%","-66.90%",325,139,"$312,602,698 ",69,FALSE
"70","11-Jan",4,23,38622,"-15.10%","-69.10%",325,118,"$312,641,320 ",70,FALSE
"71","12-Jan",5,23,88750,"129.80%","-43.10%",242,366,"$312,730,070 ",71,FALSE
"72","13-Jan",6,23,160406,"80.70%","-29.20%",242,662,"$312,890,476 ",72,FALSE
"73","14-Jan",7,24,121803,"-24.10%","-8%",242,503,"$313,012,279 ",73,FALSE
"74","15-Jan",1,23,90023,"-26.10%","102.80%",242,371,"$313,102,302 ",74,FALSE
"75","16-Jan",2,24,35544,"-60.50%","-33.10%",242,146,"$313,137,846 ",75,FALSE
"76","17-Jan",3,24,31458,"-11.50%","-30.80%",242,129,"$313,169,304 ",76,FALSE
"77","18-Jan",4,24,29227,"-7.10%","-24.30%",242,120,"$313,198,531 ",77,FALSE
"78","19-Jan",5,27,62799,"114.90%","-29.20%",184,341,"$313,261,330 ",78,FALSE
"79","20-Jan",6,26,115885,"84.50%","-27.80%",184,629,"$313,377,215 ",79,FALSE
"80","21-Jan",7,28,55832,"-51.80%","-54.20%",184,303,"$313,433,047 ",80,FALSE
"81","22-Jan",1,27,18704,"-66.50%","-79.20%",184,101,"$313,451,751 ",81,FALSE
"82","23-Jan",2,28,22413,"19.80%","-36.90%",184,121,"$313,474,164 ",82,FALSE
"83","24-Jan",3,28,19447,"-13.20%","-38.20%",184,105,"$313,493,611 ",83,FALSE
"84","25-Jan",4,28,19398,"-0.30%","-33.60%",184,105,"$313,513,009 ",84,FALSE
"85","26-Jan",5,29,45863,"136.40%","-27%",150,305,"$313,558,872 ",85,FALSE
"86","27-Jan",6,29,85199,"85.80%","-26.50%",150,567,"$313,644,071 ",86,FALSE
"87","28-Jan",7,28,50767,"-40.40%","-9.10%",150,338,"$313,694,838 ",87,FALSE
"88","29-Jan",1,30,13645,"-73.10%","-27%",150,90,"$313,708,483 ",88,FALSE
"89","30-Jan",2,30,14421,"5.70%","-35.70%",150,96,"$313,722,904 ",89,FALSE
"90","31-Jan",3,32,13085,"-9.30%","-32.70%",150,87,"$313,735,989 ",90,FALSE
"91","1-Feb",4,30,15284,"16.80%","-21.20%",150,101,"$313,751,273 ",91,FALSE
"92","2-Feb",5,28,66416,"334.50%","44.80%",204,325,"$313,817,689 ",92,FALSE
"93","3-Feb",6,27,129013,"94.20%","51.40%",204,632,"$313,946,702 ",93,FALSE
"94","4-Feb",7,28,49521,"-61.60%","-2.50%",204,242,"$313,996,223 ",94,FALSE
"95","5-Feb",1,25,23404,"-52.70%","71.50%",204,114,"$314,019,627 ",95,FALSE
"96","6-Feb",2,26,25395,"8.50%","76.10%",204,124,"$314,045,022 ",96,FALSE
"97","7-Feb",3,25,22620,"-10.90%","72.90%",204,110,"$314,067,642 ",97,FALSE
"98","8-Feb",4,25,23583,"4.30%","54.30%",204,115,"$314,091,225 ",98,FALSE
"99","9-Feb",5,32,50174,"112.80%","-24.50%",173,290,"$314,141,399 ",99,FALSE
"100","10-Feb",6,33,105374,"110%","-18.30%",173,609,"$314,246,773 ",100,FALSE
"101","11-Feb",7,32,69523,"-34%","40.40%",173,401,"$314,316,296 ",101,FALSE
"102","12-Feb",1,32,18288,"-73.70%","-21.90%",173,105,"$314,334,584 ",102,FALSE
"103","13-Feb",2,31,18390,"0.60%","-27.60%",173,106,"$314,352,974 ",103,FALSE
"104","14-Feb",3,32,27444,"49.20%","21.30%",173,158,"$314,380,418 ",104,FALSE
"105","15-Feb",4,29,17706,"-35.50%","-24.90%",173,102,"$314,398,124 ",105,FALSE
"106","16-Feb",5,32,47125,"166.20%","-6.10%",149,316,"$314,445,249 ",106,FALSE
"107","17-Feb",6,30,84659,"79.60%","-19.70%",149,568,"$314,529,908 ",107,FALSE
"108","18-Feb",7,33,63913,"-24.50%","-8.10%",149,428,"$314,593,821 ",108,FALSE
"109","19-Feb",1,34,38914,"-39.10%","112.80%",149,261,"$314,632,735 ",109,FALSE
"110","20-Feb",2,33,14928,"-61.60%","-18.80%",149,100,"$314,647,663 ",110,FALSE
"111","21-Feb",3,34,12837,"-14%","-53.20%",149,86,"$314,660,500 ",111,FALSE
"112","22-Feb",4,34,14502,"13%","-18.10%",149,97,"$314,675,002 ",112,FALSE
"113","23-Feb",5,32,33754,"132.80%","-28.40%",131,257,"$314,708,756 ",113,FALSE
"114","24-Feb",6,35,65797,"94.90%","-22.30%",131,502,"$314,774,553 ",114,FALSE
"115","25-Feb",7,33,37815,"-42.50%","-40.80%",131,288,"$314,812,368 ",115,FALSE
"116","26-Feb",1,35,9094,"-76%","-76.60%",131,69,"$314,821,462 ",116,FALSE
"117","27-Feb",2,39,8386,"-7.80%","-43.80%",131,64,"$314,829,848 ",117,FALSE
"118","28-Feb",3,40,7744,"-7.70%","-39.70%",131,59,"$314,837,592 ",118,FALSE
"119","1-Mar",4,35,9653,"24.70%","-33.40%",131,73,"$314,847,245 ",119,FALSE
"120","2-Mar",5,32,32485,"236.50%","-3.80%",110,295,"$314,879,730 ",120,FALSE
"121","3-Mar",6,33,60112,"85%","-8.60%",110,546,"$314,939,842 ",121,FALSE
"122","4-Mar",7,35,25977,"-56.80%","-31.30%",110,236,"$314,965,819 ",122,FALSE
"123","5-Mar",1,37,6510,"-74.90%","-28.40%",110,59,"$314,972,329 ",123,FALSE
"124","6-Mar",2,39,6578,"1%","-21.60%",110,59,"$314,978,907 ",124,FALSE
"125","7-Mar",3,38,6870,"4.40%","-11.30%",110,62,"$314,985,777 ",125,FALSE
"126","8-Mar",4,37,7326,"6.60%","-24.10%",110,66,"$314,993,103 ",126,FALSE
"127","9-Mar",5,41,10006,"36.60%","-69.20%",70,142,"$315,003,109 ",127,FALSE
"128","10-Mar",6,40,18645,"86.30%","-69%",70,266,"$315,021,754 ",128,FALSE
"129","11-Mar",7,41,13213,"-29.10%","-49.10%",70,188,"$315,034,967 ",129,FALSE
"130","12-Mar",1,41,5334,"-59.60%","-18.10%",70,76,"$315,040,301 ",130,FALSE
"131","13-Mar",2,41,6502,"21.90%","-1.20%",70,92,"$315,046,803 ",131,FALSE
"132","14-Mar",3,41,5751,"-11.60%","-16.30%",70,82,"$315,052,554 ",132,FALSE
"133","15-Mar",4,39,5735,"-0.30%","-21.70%",70,81,"$315,058,289 ",133,FALSE
